1	1	0	20	0	0
1	1	1	2	68	48
1	1	2	20	0	0
1	1	3	20	0	0
1	1	4	6	22	6
1	1	5	5	26	8
1	1	6	5	29	9
1	1	7	8	88	15
1	1	8	9	121	17
1	1	9	7	58	11
1	1	10	8	71	12
1	1	11	12	104	7
1	1	12	14	103	5
1	1	13	15	160	6
1	1	14	14	123	5
1	1	15	16	298	8
1	1	16	17	219	5
1	1	17	18	284	5
1	1	18	20	323	4
1	1	19	18	424	7
1	1	20	22	371	3
1	1	21	18	559	9
1	1	22	26	647	2
1	1	23	26	905	3
1	1	24	24	1018	5
1	1	25	29	1785	3
1	1	26	24	1465	6
1	1	27	30	3312	4
1	1	28	29	12229	15
1	1	29	30	39168	36
1	1	30	29	19024	22
1	1	31	30	30573	29
1	1	32	29	13510	17
1	1	33	30	80778	84
1	1	34	33	9867	5
1	1	35	34	614	0
1	1	36	34	534	0
1	2	0	20	0	0
1	2	1	2	68	48
1	2	2	20	0	0
1	2	3	20	0	0
1	2	4	6	22	6
1	2	5	5	26	8
1	2	6	5	29	9
1	2	7	8	88	15
1	2	8	9	121	17
1	2	9	7	58	11
1	2	10	8	71	12
1	2	11	12	104	7
1	2	12	14	103	5
1	2	13	15	160	6
1	2	14	14	123	5
1	2	15	16	298	8
1	2	16	17	219	5
1	2	17	18	284	5
1	2	18	20	323	4
1	2	19	18	424	7
1	2	20	22	371	3
1	2	21	18	559	9
1	2	22	26	647	2
1	2	23	26	905	3
1	2	24	24	1018	5
1	2	25	29	1785	3
1	2	26	24	1465	6
1	2	27	30	3312	4
1	2	28	29	12229	15
1	2	29	30	39168	36
1	2	30	29	19024	22
1	2	31	30	30573	29
1	2	32	29	13510	17
1	2	33	30	80778	84
1	2	34	33	9867	5
1	2	35	34	614	0
1	2	36	34	534	0
1	3	0	20	0	0
1	3	1	2	57	41
1	3	2	20	0	0
1	3	3	20	0	0
1	3	4	4	37	13
1	3	5	7	49	11
1	3	6	6	76	20
1	3	7	8	134	21
1	3	8	9	179	23
1	3	9	9	106	14
1	3	10	11	142	12
1	3	11	11	166	14
1	3	12	14	129	6
1	3	13	13	218	12
1	3	14	20	150	2
1	3	15	18	318	6
1	3	16	18	208	4
1	3	17	17	349	7
1	3	18	22	404	3
1	3	19	18	506	9
1	3	20	22	577	4
1	3	21	22	910	6
1	3	22	23	967	5
1	3	23	25	1363	5
1	3	24	22	1496	9
1	3	25	32	2621	2
1	3	26	31	2163	2
1	3	27	28	4551	7
1	3	28	29	15225	18
1	3	29	30	39386	38
1	3	30	32	18309	13
1	3	31	30	27261	26
1	3	32	29	14290	18
1	3	33	31	76521	64
1	3	34	31	9094	7
1	3	35	25	496	2
1	3	36	34	430	0
1	4	0	20	0	0
1	4	1	2	62	43
1	4	2	20	0	0
1	4	3	20	0	0
1	4	4	4	41	15
1	4	5	4	49	17
1	4	6	7	66	15
1	4	7	6	131	35
1	4	8	9	190	26
1	4	9	10	74	8
1	4	10	11	127	10
1	4	11	12	167	11
1	4	12	17	135	3
1	4	13	14	233	9
1	4	14	16	150	4
1	4	15	16	343	10
1	4	16	16	245	6
1	4	17	16	296	8
1	4	18	25	432	2
1	4	19	20	552	6
1	4	20	21	632	6
1	4	21	23	958	5
1	4	22	22	1109	8
1	4	23	30	1481	2
1	4	24	27	1675	4
1	4	25	29	2751	4
1	4	26	36	2377	0
1	4	27	32	5140	4
1	4	28	29	16089	21
1	4	29	33	38314	22
1	4	30	32	17831	13
1	4	31	31	27699	22
1	4	32	32	15228	10
1	4	33	30	74631	69
1	4	34	32	8761	6
1	4	35	29	513	1
1	4	36	33	394	0
1	5	0	20	0	0
1	5	1	2	65	47
1	5	2	20	0	0
1	5	3	20	0	0
1	5	4	6	43	12
1	5	5	4	38	13
1	5	6	6	62	15
1	5	7	7	137	26
1	5	8	8	214	35
1	5	9	7	92	18
1	5	10	11	108	9
1	5	11	11	138	12
1	5	12	11	140	11
1	5	13	14	203	9
1	5	14	17	112	3
1	5	15	16	312	9
1	5	16	19	191	3
1	5	17	21	308	3
1	5	18	21	394	4
1	5	19	26	547	2
1	5	20	17	613	13
1	5	21	24	865	4
1	5	22	22	1073	7
1	5	23	25	1397	5
1	5	24	25	1626	6
1	5	25	32	2659	2
1	5	26	34	2141	1
1	5	27	28	4496	7
1	5	28	29	15172	18
1	5	29	31	39439	34
1	5	30	30	18302	21
1	5	31	31	27360	22
1	5	32	33	14909	8
1	5	33	30	75768	75
1	5	34	36	8957	2
1	5	35	34	559	0
1	5	36	28	431	1
1	6	0	20	0	0
1	6	1	2	75	60
1	6	2	20	0	0
1	6	3	20	0	0
1	6	4	4	50	18
1	6	5	7	50	11
1	6	6	4	81	31
1	6	7	7	160	34
1	6	8	10	199	21
1	6	9	11	86	8
1	6	10	12	140	9
1	6	11	13	168	9
1	6	12	14	181	7
1	6	13	18	248	4
1	6	14	17	168	4
1	6	15	16	410	12
1	6	16	18	282	5
1	6	17	20	357	4
1	6	18	21	476	4
1	6	19	22	673	5
1	6	20	23	696	4
1	6	21	20	961	11
1	6	22	27	1267	3
1	6	23	23	1705	9
1	6	24	28	1783	3
1	6	25	27	2996	7
1	6	26	28	2675	5
1	6	27	27	5812	13
1	6	28	29	17422	21
1	6	29	33	38667	20
1	6	30	31	17637	14
1	6	31	31	25832	19
1	6	32	31	15423	14
1	6	33	30	73057	71
1	6	34	29	8315	10
1	6	35	34	502	0
1	6	36	33	317	0
1	7	0	20	0	0
1	7	1	2	85	63
1	7	2	20	0	0
1	7	3	20	0	0
1	7	4	4	39	14
1	7	5	2	38	18
1	7	6	7	58	12
1	7	7	8	139	25
1	7	8	11	190	17
1	7	9	11	89	8
1	7	10	12	111	8
1	7	11	13	162	8
1	7	12	12	150	9
1	7	13	15	203	7
1	7	14	15	154	5
1	7	15	14	336	15
1	7	16	19	208	3
1	7	17	18	352	6
1	7	18	19	382	5
1	7	19	21	551	5
1	7	20	22	586	4
1	7	21	24	908	4
1	7	22	25	1064	4
1	7	23	28	1432	3
1	7	24	30	1563	2
1	7	25	26	2741	7
1	7	26	27	2232	5
1	7	27	31	4845	4
1	7	28	31	15375	14
1	7	29	31	39587	32
1	7	30	31	18144	14
1	7	31	31	27282	20
1	7	32	30	15428	15
1	7	33	30	74724	73
1	7	34	35	8800	3
1	7	35	34	543	0
1	7	36	28	372	1
1	8	0	20	0	0
1	8	1	2	74	53
1	8	2	20	0	0
1	8	3	20	0	0
1	8	4	2	35	15
1	8	5	5	59	20
1	8	6	7	73	14
1	8	7	6	157	38
1	8	8	9	231	29
1	8	9	9	90	13
1	8	10	12	120	8
1	8	11	15	155	6
1	8	12	17	130	3
1	8	13	15	242	9
1	8	14	14	153	7
1	8	15	16	403	10
1	8	16	17	268	6
1	8	17	20	368	4
1	8	18	17	454	10
1	8	19	20	604	7
1	8	20	30	624	1
1	8	21	25	1013	4
1	8	22	24	1242	5
1	8	23	24	1633	7
1	8	24	28	1774	3
1	8	25	33	2957	2
1	8	26	27	2446	5
1	8	27	29	5513	7
1	8	28	29	16912	22
1	8	29	30	39046	38
1	8	30	31	17650	16
1	8	31	32	26138	16
1	8	32	35	15970	5
1	8	33	30	73067	72
1	8	34	36	8382	2
1	8	35	34	543	0
1	8	36	33	327	0
1	9	0	20	0	0
1	9	1	2	69	42
1	9	2	20	0	0
1	9	3	20	0	0
1	9	4	5	46	14
1	9	5	5	72	24
1	9	6	8	93	15
1	9	7	7	185	40
1	9	8	10	258	26
1	9	9	11	91	8
1	9	10	12	116	8
1	9	11	14	206	9
1	9	12	14	171	7
1	9	13	13	247	12
1	9	14	24	144	1
1	9	15	17	421	8
1	9	16	19	266	4
1	9	17	17	423	9
1	9	18	21	517	5
1	9	19	20	726	8
1	9	20	30	734	1
1	9	21	22	1058	7
1	9	22	24	1302	6
1	9	23	27	1599	4
1	9	24	26	1835	5
1	9	25	25	2933	9
1	9	26	27	2466	5
1	9	27	28	5750	10
1	9	28	31	17797	15
1	9	29	31	39838	36
1	9	30	30	17746	20
1	9	31	33	24635	12
1	9	32	29	15933	22
1	9	33	30	72268	65
1	9	34	33	8120	5
1	9	35	34	492	0
1	9	36	27	319	1
1	10	0	20	0	0
1	10	1	2	76	62
1	10	2	20	0	0
1	10	3	20	0	0
1	10	4	7	42	9
1	10	5	5	69	23
1	10	6	7	101	20
1	10	7	6	198	45
1	10	8	9	275	38
1	10	9	10	110	11
1	10	10	11	160	13
1	10	11	13	172	10
1	10	12	13	155	8
1	10	13	13	294	15
1	10	14	17	201	5
1	10	15	18	522	9
1	10	16	20	275	3
1	10	17	18	437	8
1	10	18	20	541	6
1	10	19	27	776	2
1	10	20	25	819	3
1	10	21	20	1207	12
1	10	22	25	1451	5
1	10	23	29	1914	3
1	10	24	27	2023	5
1	10	25	33	3360	2
1	10	26	28	2949	5
1	10	27	27	6353	14
1	10	28	31	18172	15
1	10	29	33	38258	18
1	10	30	31	17119	13
1	10	31	31	25370	22
1	10	32	31	16938	15
1	10	33	31	69722	60
1	10	34	34	8000	4
1	10	35	34	507	0
1	10	36	33	306	0
1	11	0	20	0	0
1	11	1	2	67	44
1	11	2	20	0	0
1	11	3	20	0	0
1	11	4	5	49	15
1	11	5	7	56	12
1	11	6	7	70	16
1	11	7	8	169	28
1	11	8	9	186	22
1	11	9	9	100	12
1	11	10	14	123	6
1	11	11	16	174	5
1	11	12	17	166	4
1	11	13	16	243	7
1	11	14	17	160	4
1	11	15	19	422	6
1	11	16	16	276	8
1	11	17	20	404	5
1	11	18	22	522	4
1	11	19	20	665	7
1	11	20	25	736	3
1	11	21	21	1115	9
1	11	22	24	1258	5
1	11	23	23	1664	8
1	11	24	26	1903	5
1	11	25	26	3016	8
1	11	26	30	2657	3
1	11	27	30	6090	6
1	11	28	29	18922	24
1	11	29	31	39051	29
1	11	30	30	17604	18
1	11	31	31	24518	19
1	11	32	31	16939	13
1	11	33	31	70716	63
1	11	34	34	8021	4
1	11	35	34	511	0
1	11	36	33	295	0
1	12	0	20	0	0
1	12	1	2	63	41
1	12	2	20	0	0
1	12	3	20	0	0
1	12	4	6	57	15
1	12	5	6	59	15
1	12	6	6	95	23
1	12	7	8	197	34
1	12	8	9	258	32
1	12	9	9	100	12
1	12	10	11	120	11
1	12	11	11	175	15
1	12	12	15	194	6
1	12	13	15	324	12
1	12	14	19	186	3
1	12	15	15	474	16
1	12	16	14	260	10
1	12	17	14	429	19
1	12	18	18	599	9
1	12	19	19	764	11
1	12	20	20	817	8
1	12	21	24	1179	5
1	12	22	22	1411	10
1	12	23	24	1763	8
1	12	24	22	2068	13
1	12	25	24	3232	13
1	12	26	25	2721	10
1	12	27	30	6412	7
1	12	28	30	18745	19
1	12	29	30	38914	36
1	12	30	32	17137	12
1	12	31	31	24296	18
1	12	32	29	17323	21
1	12	33	31	69726	59
1	12	34	32	7921	5
1	12	35	29	553	1
1	12	36	33	303	0
1	13	0	20	0	0
1	13	1	2	67	46
1	13	2	20	0	0
1	13	3	20	0	0
1	13	4	5	70	21
1	13	5	5	79	24
1	13	6	6	123	30
1	13	7	7	232	49
1	13	8	9	263	35
1	13	9	9	114	15
1	13	10	12	156	10
1	13	11	14	216	10
1	13	12	15	210	7
1	13	13	13	324	18
1	13	14	16	219	6
1	13	15	23	535	3
1	13	16	16	349	9
1	13	17	19	476	6
1	13	18	23	632	4
1	13	19	25	829	3
1	13	20	21	920	8
1	13	21	22	1299	8
1	13	22	25	1544	5
1	13	23	25	2021	7
1	13	24	27	2133	5
1	13	25	27	3402	8
1	13	26	33	2911	2
1	13	27	30	6898	8
1	13	28	32	19521	12
1	13	29	31	38411	28
1	13	30	33	17199	10
1	13	31	32	23719	16
1	13	32	30	17384	19
1	13	33	31	68077	49
1	13	34	33	7742	4
1	13	35	29	518	1
1	13	36	27	283	1
1	14	0	20	0	0
1	14	1	2	55	40
1	14	2	20	0	0
1	14	3	20	0	0
1	14	4	4	53	20
1	14	5	8	73	12
1	14	6	6	115	31
1	14	7	7	238	47
1	14	8	10	274	29
1	14	9	10	110	11
1	14	10	11	143	11
1	14	11	12	201	14
1	14	12	15	202	7
1	14	13	13	341	16
1	14	14	16	231	6
1	14	15	17	461	9
1	14	16	17	341	7
1	14	17	17	495	10
1	14	18	24	667	3
1	14	19	23	891	5
1	14	20	22	922	6
1	14	21	24	1356	6
1	14	22	25	1596	6
1	14	23	25	1995	7
1	14	24	29	2208	3
1	14	25	30	3653	4
1	14	26	30	3170	4
1	14	27	33	7404	4
1	14	28	33	20560	11
1	14	29	32	38303	26
1	14	30	30	16742	19
1	14	31	33	23044	12
1	14	32	30	18110	17
1	14	33	32	66957	44
1	14	34	33	7188	4
1	14	35	34	502	0
1	14	36	33	264	0
1	15	0	20	0	0
1	15	1	2	58	43
1	15	2	20	0	0
1	15	3	20	0	0
1	15	4	4	65	23
1	15	5	6	69	19
1	15	6	6	135	34
1	15	7	8	246	43
1	15	8	9	294	36
1	15	9	10	102	11
1	15	10	11	144	11
1	15	11	15	230	8
1	15	12	13	243	13
1	15	13	14	339	14
1	15	14	15	243	8
1	15	15	15	591	18
1	15	16	17	391	8
1	15	17	18	563	9
1	15	18	19	704	10
1	15	19	24	912	4
1	15	20	22	938	6
1	15	21	21	1494	12
1	15	22	26	1746	5
1	15	23	26	2076	6
1	15	24	25	2420	9
1	15	25	27	3837	8
1	15	26	31	3199	3
1	15	27	31	7683	7
1	15	28	33	20423	11
1	15	29	31	37182	27
1	15	30	29	16804	20
1	15	31	32	23535	15
1	15	32	30	18349	18
1	15	33	31	65820	59
1	15	34	36	7320	2
1	15	35	34	460	0
1	15	36	26	256	1
1	16	0	20	0	0
1	16	1	2	63	43
1	16	2	20	0	0
1	16	3	20	0	0
1	16	4	3	42	16
1	16	5	6	73	20
1	16	6	7	106	23
1	16	7	7	200	44
1	16	8	9	242	29
1	16	9	12	115	8
1	16	10	10	125	13
1	16	11	12	205	14
1	16	12	14	190	8
1	16	13	14	299	13
1	16	14	16	205	6
1	16	15	16	538	13
1	16	16	16	351	9
1	16	17	18	522	8
1	16	18	24	626	3
1	16	19	23	849	5
1	16	20	31	878	1
1	16	21	32	1322	1
1	16	22	28	1566	3
1	16	23	26	1964	6
1	16	24	27	2261	5
1	16	25	27	3561	7
1	16	26	27	3007	6
1	16	27	30	7258	8
1	16	28	30	20499	23
1	16	29	31	38085	31
1	16	30	32	16748	12
1	16	31	31	23212	19
1	16	32	34	18323	7
1	16	33	32	67158	42
1	16	34	35	7566	3
1	16	35	34	479	0
1	16	36	32	241	0
1	17	0	20	0	0
1	17	1	2	57	41
1	17	2	20	0	0
1	17	3	20	0	0
1	17	4	6	53	14
1	17	5	6	71	17
1	17	6	6	114	31
1	17	7	6	236	54
1	17	8	10	248	27
1	17	9	9	88	11
1	17	10	12	134	9
1	17	11	10	195	18
1	17	12	16	188	5
1	17	13	14	322	12
1	17	14	18	224	4
1	17	15	17	558	12
1	17	16	17	371	8
1	17	17	21	538	5
1	17	18	20	669	7
1	17	19	18	905	14
1	17	20	19	952	12
1	17	21	22	1497	10
1	17	22	25	1755	6
1	17	23	25	2159	7
1	17	24	32	2321	2
1	17	25	29	3668	5
1	17	26	31	3178	3
1	17	27	31	7534	7
1	17	28	31	21265	16
1	17	29	32	37707	25
1	17	30	34	16246	7
1	17	31	30	22893	22
1	17	32	34	18532	8
1	17	33	32	66125	43
1	17	34	36	7377	2
1	17	35	34	477	0
1	17	36	32	213	0
1	18	0	20	0	0
1	18	1	2	51	41
1	18	2	20	0	0
1	18	3	20	0	0
1	18	4	6	75	21
1	18	5	6	71	20
1	18	6	6	124	33
1	18	7	8	236	41
1	18	8	10	252	28
1	18	9	12	114	8
1	18	10	11	138	11
1	18	11	14	216	9
1	18	12	16	199	6
1	18	13	19	311	4
1	18	14	16	234	7
1	18	15	18	491	9
1	18	16	21	343	3
1	18	17	17	557	11
1	18	18	24	704	3
1	18	19	22	912	6
1	18	20	22	951	7
1	18	21	24	1480	6
1	18	22	24	1646	7
1	18	23	27	2143	5
1	18	24	26	2334	7
1	18	25	25	3608	12
1	18	26	33	3251	2
1	18	27	31	7359	6
1	18	28	32	20018	14
1	18	29	32	38355	26
1	18	30	31	16525	15
1	18	31	35	23090	7
1	18	32	31	18337	14
1	18	33	31	66275	58
1	18	34	31	7686	7
1	18	35	34	527	0
1	18	36	32	251	0
1	19	0	20	0	0
1	19	1	2	73	48
1	19	2	20	0	0
1	19	3	20	0	0
1	19	4	4	53	19
1	19	5	9	68	10
1	19	6	6	132	33
1	19	7	8	171	30
1	19	8	11	216	19
1	19	9	11	74	7
1	19	10	10	124	13
1	19	11	13	183	9
1	19	12	15	178	6
1	19	13	20	332	4
1	19	14	18	240	4
1	19	15	19	461	6
1	19	16	19	295	4
1	19	17	18	510	8
1	19	18	20	686	7
1	19	19	24	821	4
1	19	20	25	868	3
1	19	21	25	1372	5
1	19	22	25	1621	6
1	19	23	26	1972	5
1	19	24	24	2332	10
1	19	25	26	3706	9
1	19	26	28	3157	5
1	19	27	29	7587	10
1	19	28	31	20806	18
1	19	29	31	38657	32
1	19	30	32	16263	12
1	19	31	32	22615	15
1	19	32	31	18535	15
1	19	33	31	66467	59
1	19	34	33	7558	4
1	19	35	34	500	0
1	19	36	26	245	1
1	20	0	20	0	0
1	20	1	2	65	49
1	20	2	20	0	0
1	20	3	20	0	0
1	20	4	6	56	16
1	20	5	5	100	29
1	20	6	7	123	23
1	20	7	8	219	37
1	20	8	10	248	28
1	20	9	11	129	11
1	20	10	13	134	7
1	20	11	15	217	8
1	20	12	13	187	10
1	20	13	15	365	11
1	20	14	17	247	6
1	20	15	20	607	6
1	20	16	18	433	7
1	20	17	18	606	10
1	20	18	21	744	7
1	20	19	22	997	7
1	20	20	23	994	5
1	20	21	25	1509	5
1	20	22	25	1896	6
1	20	23	26	2264	6
1	20	24	26	2438	6
1	20	25	27	3989	9
1	20	26	28	3356	6
1	20	27	30	8314	9
1	20	28	28	21845	32
1	20	29	31	37091	32
1	20	30	32	16181	11
1	20	31	31	22240	17
1	20	32	32	19384	14
1	20	33	31	64125	51
1	20	34	30	7042	7
1	20	35	29	499	1
1	20	36	32	227	0
1	21	0	20	0	0
1	21	1	2	63	44
1	21	2	20	0	0
1	21	3	20	0	0
1	21	4	2	71	32
1	21	5	5	95	29
1	21	6	6	149	40
1	21	7	8	229	38
1	21	8	10	290	30
1	21	9	10	132	15
1	21	10	11	154	14
1	21	11	17	267	6
1	21	12	13	206	10
1	21	13	14	354	14
1	21	14	16	271	8
1	21	15	17	614	13
1	21	16	19	503	7
1	21	17	24	649	3
1	21	18	21	815	7
1	21	19	21	1038	9
1	21	20	25	1060	4
1	21	21	23	1624	8
1	21	22	27	1821	4
1	21	23	25	2305	8
1	21	24	25	2586	8
1	21	25	27	4181	8
1	21	26	29	3559	5
1	21	27	27	8605	16
1	21	28	31	22454	18
1	21	29	32	36469	23
1	21	30	31	16154	13
1	21	31	33	21801	12
1	21	32	34	19574	8
1	21	33	31	63255	47
1	21	34	36	6756	2
1	21	35	34	553	0
1	21	36	25	216	1
1	22	0	20	0	0
1	22	1	2	68	49
1	22	2	20	0	0
1	22	3	20	0	0
1	22	4	6	80	19
1	22	5	5	83	25
1	22	6	5	154	44
1	22	7	8	225	38
1	22	8	9	309	39
1	22	9	11	132	10
1	22	10	14	161	7
1	22	11	15	226	8
1	22	12	13	204	10
1	22	13	12	377	22
1	22	14	17	256	6
1	22	15	18	588	10
1	22	16	17	480	10
1	22	17	26	620	2
1	22	18	25	816	3
1	22	19	23	1013	6
1	22	20	29	1133	2
1	22	21	26	1615	5
1	22	22	25	1987	7
1	22	23	26	2342	6
1	22	24	26	2620	7
1	22	25	29	3932	5
1	22	26	30	3470	4
1	22	27	29	8313	12
1	22	28	34	21936	10
1	22	29	32	37037	26
1	22	30	30	16114	18
1	22	31	29	22041	26
1	22	32	31	19699	17
1	22	33	31	63161	51
1	22	34	32	6959	5
1	22	35	29	527	1
1	22	36	32	203	0
1	23	0	20	0	0
1	23	1	2	66	47
1	23	2	20	0	0
1	23	3	20	0	0
1	23	4	5	62	20
1	23	5	4	73	26
1	23	6	6	141	35
1	23	7	8	208	32
1	23	8	11	299	25
1	23	9	12	115	8
1	23	10	13	160	9
1	23	11	12	276	17
1	23	12	16	227	6
1	23	13	15	394	13
1	23	14	19	256	4
1	23	15	17	592	13
1	23	16	17	425	10
1	23	17	19	638	8
1	23	18	25	742	3
1	23	19	24	1015	5
1	23	20	26	1082	3
1	23	21	25	1527	5
1	23	22	27	1926	4
1	23	23	26	2328	7
1	23	24	26	2570	7
1	23	25	29	3909	6
1	23	26	27	3312	7
1	23	27	27	8736	17
1	23	28	32	22734	15
1	23	29	33	36525	19
1	23	30	33	16297	9
1	23	31	32	21529	15
1	23	32	32	19955	13
1	23	33	31	63084	46
1	23	34	30	6948	7
1	23	35	34	520	0
1	23	36	32	196	0
1	24	0	20	0	0
1	24	1	2	74	55
1	24	2	20	0	0
1	24	3	20	0	0
1	24	4	4	90	35
1	24	5	5	127	44
1	24	6	6	198	46
1	24	7	9	310	40
1	24	8	9	379	46
1	24	9	9	129	17
1	24	10	13	176	10
1	24	11	13	288	14
1	24	12	14	278	12
1	24	13	17	451	10
1	24	14	20	313	4
1	24	15	20	772	9
1	24	16	18	522	9
1	24	17	20	741	8
1	24	18	22	936	6
1	24	19	23	1177	7
1	24	20	26	1260	4
1	24	21	23	1864	10
1	24	22	23	2246	12
1	24	23	26	2717	8
1	24	24	28	2951	5
1	24	25	27	4423	10
1	24	26	29	3852	5
1	24	27	30	9594	10
1	24	28	31	23328	18
1	24	29	32	34986	25
1	24	30	34	15566	7
1	24	31	31	21276	17
1	24	32	33	20355	11
1	24	33	31	60349	46
1	24	34	34	6472	3
1	24	35	29	502	1
1	24	36	32	165	0
1	25	0	20	0	0
1	25	1	2	53	41
1	25	2	20	0	0
1	25	3	20	0	0
1	25	4	6	73	18
1	25	5	6	74	20
1	25	6	7	162	35
1	25	7	7	245	49
1	25	8	9	307	42
1	25	9	10	132	13
1	25	10	11	160	12
1	25	11	14	281	13
1	25	12	13	241	14
1	25	13	19	386	5
1	25	14	17	326	7
1	25	15	18	597	10
1	25	16	17	470	10
1	25	17	23	717	4
1	25	18	22	900	6
1	25	19	22	1099	7
1	25	20	25	1196	4
1	25	21	24	1595	7
1	25	22	28	2023	4
1	25	23	30	2527	3
1	25	24	26	2840	7
1	25	25	27	4159	9
1	25	26	29	3492	5
1	25	27	31	9093	8
1	25	28	30	23227	22
1	25	29	32	35855	23
1	25	30	30	15882	16
1	25	31	32	21388	14
1	25	32	29	20824	27
1	25	33	32	61219	42
1	25	34	34	6602	3
1	25	35	34	558	0
1	25	36	32	177	0
1	26	0	20	0	0
1	26	1	2	53	39
1	26	2	20	0	0
1	26	3	20	0	0
1	26	4	5	152	46
1	26	5	5	168	54
1	26	6	6	288	75
1	26	7	7	424	88
1	26	8	8	481	74
1	26	9	12	217	14
1	26	10	10	220	21
1	26	11	13	354	18
1	26	12	15	306	11
1	26	13	16	475	12
1	26	14	16	348	10
1	26	15	18	841	14
1	26	16	19	569	8
1	26	17	22	822	6
1	26	18	23	1036	6
1	26	19	21	1274	10
1	26	20	24	1310	6
1	26	21	29	1889	3
1	26	22	24	2425	10
1	26	23	28	2807	5
1	26	24	26	3179	9
1	26	25	29	4679	7
1	26	26	28	3910	7
1	26	27	33	9937	6
1	26	28	31	24043	18
1	26	29	32	34379	23
1	26	30	31	15439	12
1	26	31	33	20498	12
1	26	32	30	20371	21
1	26	33	31	59045	46
1	26	34	34	6265	3
1	26	35	34	505	0
1	26	36	32	164	0
1	27	0	20	0	0
1	27	1	2	67	48
1	27	2	20	0	0
1	27	3	20	0	0
1	27	4	6	165	47
1	27	5	5	192	68
1	27	6	7	315	70
1	27	7	7	468	90
1	27	8	9	489	68
1	27	9	11	220	19
1	27	10	11	254	19
1	27	11	13	385	20
1	27	12	13	304	16
1	27	13	15	539	16
1	27	14	16	415	11
1	27	15	18	863	15
1	27	16	21	587	5
1	27	17	19	890	12
1	27	18	21	1071	9
1	27	19	20	1309	15
1	27	20	22	1493	10
1	27	21	26	2036	6
1	27	22	25	2340	8
1	27	23	26	2814	7
1	27	24	26	3205	8
1	27	25	27	4750	9
1	27	26	29	3988	6
1	27	27	30	10142	10
1	27	28	31	24495	20
1	27	29	31	33504	28
1	27	30	32	15173	11
1	27	31	31	20686	17
1	27	32	32	20901	13
1	27	33	32	57991	37
1	27	34	31	6150	5
1	27	35	34	489	0
1	27	36	32	163	0
1	28	0	20	0	0
1	28	1	2	65	47
1	28	2	20	0	0
1	28	3	20	0	0
1	28	4	6	148	40
1	28	5	6	193	54
1	28	6	5	317	95
1	28	7	6	453	103
1	28	8	8	490	71
1	28	9	10	207	19
1	28	10	11	255	19
1	28	11	12	359	23
1	28	12	14	334	14
1	28	13	16	490	13
1	28	14	14	422	16
1	28	15	18	794	14
1	28	16	19	576	7
1	28	17	20	857	9
1	28	18	21	1068	10
1	28	19	21	1253	11
1	28	20	26	1351	4
1	28	21	23	1905	10
1	28	22	27	2267	5
1	28	23	25	2783	9
1	28	24	26	3109	9
1	28	25	28	4537	8
1	28	26	25	3788	12
1	28	27	31	10037	8
1	28	28	30	23468	23
1	28	29	30	34602	33
1	28	30	30	15728	16
1	28	31	34	20476	9
1	28	32	31	20535	18
1	28	33	32	58993	36
1	28	34	31	6338	6
1	28	35	29	494	1
1	28	36	32	177	0
1	29	0	20	0	0
1	29	1	2	79	57
1	29	2	20	0	0
1	29	3	20	0	0
1	29	4	4	151	55
1	29	5	5	187	63
1	29	6	6	279	64
1	29	7	7	399	89
1	29	8	8	450	68
1	29	9	10	219	25
1	29	10	12	245	17
1	29	11	13	382	21
1	29	12	13	318	15
1	29	13	15	502	15
1	29	14	18	367	6
1	29	15	19	820	11
1	29	16	21	614	5
1	29	17	21	845	7
1	29	18	19	1018	12
1	29	19	25	1211	4
1	29	20	24	1358	6
1	29	21	25	1973	7
1	29	22	30	2306	3
1	29	23	26	2868	7
1	29	24	30	3270	4
1	29	25	25	4695	15
1	29	26	30	3929	4
1	29	27	30	10000	10
1	29	28	32	23751	17
1	29	29	31	34286	28
1	29	30	31	15509	13
1	29	31	31	20404	16
1	29	32	29	21194	30
1	29	33	31	58179	46
1	29	34	33	6376	4
1	29	35	34	522	0
1	29	36	32	158	0
1	30	0	20	0	0
1	30	1	2	66	45
1	30	2	20	0	0
1	30	3	20	0	0
1	30	4	5	169	60
1	30	5	5	186	63
1	30	6	6	317	78
1	30	7	7	456	96
1	30	8	8	497	71
1	30	9	10	196	19
1	30	10	12	266	17
1	30	11	15	415	14
1	30	12	12	377	23
1	30	13	16	568	14
1	30	14	14	441	17
1	30	15	18	859	14
1	30	16	18	598	10
1	30	17	19	866	11
1	30	18	22	1154	7
1	30	19	21	1233	11
1	30	20	25	1422	5
1	30	21	26	1992	5
1	30	22	25	2397	9
1	30	23	28	2980	5
1	30	24	25	3376	11
1	30	25	26	4842	12
1	30	26	29	4025	6
1	30	27	32	10461	7
1	30	28	30	24154	27
1	30	29	32	33522	22
1	30	30	32	15301	11
1	30	31	31	20427	17
1	30	32	30	21581	23
1	30	33	31	56822	43
1	30	34	35	6175	2
1	30	35	29	544	1
1	30	36	32	167	0
1	31	0	20	0	0
1	31	1	2	63	48
1	31	2	20	0	0
1	31	3	20	0	0
1	31	4	5	186	64
1	31	5	4	197	73
1	31	6	7	376	82
1	31	7	7	468	103
1	31	8	8	600	94
1	31	9	10	239	24
1	31	10	12	290	20
1	31	11	14	481	19
1	31	12	16	382	11
1	31	13	15	613	19
1	31	14	16	468	13
1	31	15	17	960	18
1	31	16	17	748	16
1	31	17	19	1007	12
1	31	18	21	1248	11
1	31	19	20	1543	17
1	31	20	26	1612	5
1	31	21	25	2208	7
1	31	22	25	2652	9
1	31	23	31	3172	3
1	31	24	28	3616	6
1	31	25	27	5199	10
1	31	26	28	4293	7
1	31	27	30	11272	12
1	31	28	31	24853	19
1	31	29	30	32388	30
1	31	30	30	14996	14
1	31	31	30	20039	20
1	31	32	33	21961	12
1	31	33	30	54389	51
1	31	34	32	5685	4
1	31	35	34	546	0
1	31	36	31	115	0
1	32	0	20	0	0
1	32	1	2	69	56
1	32	2	20	0	0
1	32	3	20	0	0
1	32	4	5	267	95
1	32	5	4	314	113
1	32	6	7	465	95
1	32	7	7	638	132
1	32	8	8	700	115
1	32	9	9	287	36
1	32	10	10	321	32
1	32	11	12	556	35
1	32	12	15	467	17
1	32	13	14	760	28
1	32	14	17	615	13
1	32	15	18	1155	17
1	32	16	18	891	14
1	32	17	19	1231	15
1	32	18	22	1548	10
1	32	19	24	1823	7
1	32	20	23	1997	10
1	32	21	23	2610	14
1	32	22	27	3223	7
1	32	23	29	3825	5
1	32	24	25	4183	13
1	32	25	28	5687	9
1	32	26	31	4837	4
1	32	27	29	12531	18
1	32	28	30	26098	24
1	32	29	31	29509	24
1	32	30	32	14815	10
1	32	31	32	18987	12
1	32	32	31	22573	19
1	32	33	30	50256	46
1	32	34	35	5017	2
1	32	35	34	495	0
1	32	36	31	112	0
1	33	0	20	0	0
1	33	1	2	66	60
1	33	2	20	0	0
1	33	3	20	0	0
1	33	4	4	220	83
1	33	5	5	258	82
1	33	6	6	368	97
1	33	7	6	547	124
1	33	8	9	571	74
1	33	9	12	233	15
1	33	10	11	277	25
1	33	11	13	495	26
1	33	12	14	423	17
1	33	13	17	608	13
1	33	14	17	531	10
1	33	15	16	1000	24
1	33	16	18	747	13
1	33	17	21	998	8
1	33	18	19	1232	16
1	33	19	24	1487	7
1	33	20	21	1658	14
1	33	21	28	2299	4
1	33	22	27	2671	6
1	33	23	25	3311	11
1	33	24	29	3753	5
1	33	25	30	5181	6
1	33	26	31	4089	4
1	33	27	31	11427	10
1	33	28	31	25247	20
1	33	29	32	31516	20
1	33	30	31	15243	12
1	33	31	31	19882	15
1	33	32	30	23322	24
1	33	33	30	53065	54
1	33	34	35	5492	2
1	33	35	34	555	0
1	33	36	31	113	0
1	34	0	20	0	0
1	34	1	2	96	69
1	34	2	20	0	0
1	34	3	20	0	0
1	34	4	4	241	88
1	34	5	5	285	87
1	34	6	6	464	122
1	34	7	7	544	120
1	34	8	9	616	84
1	34	9	9	247	30
1	34	10	10	315	32
1	34	11	13	522	25
1	34	12	13	412	21
1	34	13	13	670	32
1	34	14	15	586	20
1	34	15	18	1046	18
1	34	16	19	829	12
1	34	17	24	1169	5
1	34	18	19	1467	17
1	34	19	23	1633	9
1	34	20	31	1836	2
1	34	21	29	2538	4
1	34	22	27	3127	7
1	34	23	26	3484	9
1	34	24	26	3979	10
1	34	25	31	5468	5
1	34	26	28	4451	7
1	34	27	30	12199	12
1	34	28	31	25737	20
1	34	29	32	30693	21
1	34	30	32	14978	10
1	34	31	33	19128	10
1	34	32	30	22932	22
1	34	33	32	51263	31
1	34	34	29	5300	7
1	34	35	34	517	0
1	34	36	31	95	0
1	35	0	20	0	0
1	35	1	2	66	55
1	35	2	20	0	0
1	35	3	20	0	0
1	35	4	3	279	121
1	35	5	5	330	116
1	35	6	6	470	114
1	35	7	7	676	132
1	35	8	9	719	89
1	35	9	9	275	34
1	35	10	11	334	30
1	35	11	13	649	31
1	35	12	14	519	20
1	35	13	15	786	24
1	35	14	16	598	14
1	35	15	17	1284	26
1	35	16	21	903	7
1	35	17	20	1241	14
1	35	18	20	1542	15
1	35	19	21	1865	14
1	35	20	22	1993	13
1	35	21	23	2703	15
1	35	22	29	3319	5
1	35	23	27	3849	9
1	35	24	29	4542	6
1	35	25	30	5914	7
1	35	26	29	4831	7
1	35	27	30	12575	12
1	35	28	30	25422	25
1	35	29	33	30004	14
1	35	30	31	14676	11
1	35	31	30	18749	18
1	35	32	31	23276	21
1	35	33	30	48781	48
1	35	34	31	5112	5
1	35	35	34	489	0
1	35	36	31	107	0
1	36	0	20	0	0
1	36	1	2	83	62
1	36	2	20	0	0
1	36	3	20	0	0
1	36	4	4	302	113
1	36	5	5	277	93
1	36	6	5	516	154
1	36	7	7	600	125
1	36	8	8	704	108
1	36	9	10	283	30
1	36	10	11	352	27
1	36	11	14	650	28
1	36	12	14	473	18
1	36	13	17	811	17
1	36	14	17	682	14
1	36	15	18	1163	18
1	36	16	20	975	10
1	36	17	20	1265	12
1	36	18	20	1554	16
1	36	19	22	1887	12
1	36	20	23	2060	11
1	36	21	22	2744	17
1	36	22	33	3370	2
1	36	23	27	3916	9
1	36	24	29	4512	6
1	36	25	34	6029	3
1	36	26	29	4730	6
1	36	27	31	12506	10
1	36	28	32	25265	17
1	36	29	31	30006	25
1	36	30	32	14672	10
1	36	31	30	18871	18
1	36	32	31	23256	20
1	36	33	31	48595	43
1	36	34	35	5120	2
1	36	35	29	523	1
1	36	36	31	99	0
1	37	0	20	0	0
1	37	1	2	72	53
1	37	2	20	0	0
1	37	3	20	0	0
1	37	4	5	339	119
1	37	5	5	383	128
1	37	6	6	564	141
1	37	7	7	721	146
1	37	8	9	817	111
1	37	9	9	289	34
1	37	10	13	373	21
1	37	11	12	679	45
1	37	12	15	552	20
1	37	13	15	902	30
1	37	14	16	732	17
1	37	15	19	1396	19
1	37	16	18	1033	16
1	37	17	21	1470	12
1	37	18	22	1766	12
1	37	19	22	2095	14
1	37	20	22	2155	14
1	37	21	23	3035	15
1	37	22	25	3654	13
1	37	23	29	4426	6
1	37	24	27	4896	10
1	37	25	28	6378	10
1	37	26	28	5078	8
1	37	27	31	13330	11
1	37	28	32	25471	18
1	37	29	33	28537	14
1	37	30	32	14478	9
1	37	31	30	18261	19
1	37	32	33	23352	11
1	37	33	32	46206	30
1	37	34	33	4813	3
1	37	35	34	523	0
1	37	36	30	87	0
1	38	0	20	0	0
1	38	1	2	81	55
1	38	2	20	0	0
1	38	3	20	0	0
1	38	4	4	402	150
1	38	5	4	385	141
1	38	6	6	518	134
1	38	7	7	712	129
1	38	8	8	802	122
1	38	9	9	349	47
1	38	10	10	338	34
1	38	11	13	671	36
1	38	12	13	570	27
1	38	13	14	868	37
1	38	14	15	740	22
1	38	15	16	1324	33
1	38	16	17	1055	20
1	38	17	20	1430	16
1	38	18	25	1793	6
1	38	19	22	2040	14
1	38	20	23	2285	12
1	38	21	24	2968	12
1	38	22	25	3538	11
1	38	23	27	4140	9
1	38	24	27	4762	10
1	38	25	28	6017	9
1	38	26	29	4872	6
1	38	27	29	13055	17
1	38	28	30	25988	27
1	38	29	32	28245	20
1	38	30	31	14585	11
1	38	31	32	18365	11
1	38	32	31	23692	18
1	38	33	32	46800	32
1	38	34	33	4891	3
1	38	35	34	484	0
1	38	36	30	90	0
1	39	0	20	0	0
1	39	1	2	77	59
1	39	2	20	0	0
1	39	3	20	0	0
1	39	4	5	335	109
1	39	5	5	339	119
1	39	6	6	501	121
1	39	7	7	769	140
1	39	8	9	760	88
1	39	9	12	313	21
1	39	10	11	398	29
1	39	11	13	685	38
1	39	12	14	572	21
1	39	13	15	926	33
1	39	14	20	807	9
1	39	15	17	1291	27
1	39	16	17	1102	22
1	39	17	19	1438	17
1	39	18	22	1756	12
1	39	19	22	2010	12
1	39	20	23	2337	13
1	39	21	25	3013	9
1	39	22	24	3614	15
1	39	23	28	4260	8
1	39	24	27	4847	11
1	39	25	28	6271	10
1	39	26	30	5030	5
1	39	27	31	13604	11
1	39	28	33	26021	14
1	39	29	31	27854	22
1	39	30	32	14871	9
1	39	31	32	18287	13
1	39	32	31	23860	20
1	39	33	31	45697	38
1	39	34	30	4634	5
1	39	35	29	509	1
1	39	36	30	82	0
1	40	0	20	0	0
1	40	1	2	62	45
1	40	2	20	0	0
1	40	3	20	0	0
1	40	4	5	423	136
1	40	5	5	471	161
1	40	6	6	673	163
1	40	7	7	729	156
1	40	8	8	983	154
1	40	9	10	370	38
1	40	10	12	455	29
1	40	11	13	786	44
1	40	12	12	681	42
1	40	13	14	1107	47
1	40	14	16	898	21
1	40	15	18	1630	26
1	40	16	20	1237	12
1	40	17	20	1746	18
1	40	18	20	1991	22
1	40	19	23	2400	12
1	40	20	24	2577	12
1	40	21	23	3438	16
1	40	22	27	4024	9
1	40	23	26	4781	12
1	40	24	28	5281	9
1	40	25	27	6931	15
1	40	26	31	5459	5
1	40	27	31	14260	11
1	40	28	31	25616	21
1	40	29	33	26420	15
1	40	30	34	14129	6
1	40	31	31	17751	14
1	40	32	30	23672	22
1	40	33	32	43003	28
1	40	34	36	4289	1
1	40	35	34	516	0
1	40	36	30	68	0
1	41	0	20	0	0
1	41	1	2	75	48
1	41	2	20	0	0
1	41	3	20	0	0
1	41	4	5	389	129
1	41	5	5	407	121
1	41	6	6	592	154
1	41	7	7	774	158
1	41	8	8	856	125
1	41	9	9	353	44
1	41	10	12	446	31
1	41	11	13	769	41
1	41	12	14	618	26
1	41	13	14	1049	38
1	41	14	18	897	15
1	41	15	17	1463	27
1	41	16	19	1233	15
1	41	17	19	1624	20
1	41	18	21	1987	15
1	41	19	21	2218	18
1	41	20	24	2520	10
1	41	21	26	3228	8
1	41	22	24	3924	15
1	41	23	26	4506	12
1	41	24	26	5095	13
1	41	25	31	6375	6
1	41	26	27	5148	11
1	41	27	30	13648	13
1	41	28	32	24963	18
1	41	29	30	27746	27
1	41	30	31	14424	12
1	41	31	31	18119	15
1	41	32	31	23425	20
1	41	33	31	44627	39
1	41	34	36	4717	1
1	41	35	34	558	0
1	41	36	30	88	0
1	42	0	20	0	0
1	42	1	2	75	60
1	42	2	20	0	0
1	42	3	20	0	0
1	42	4	5	398	128
1	42	5	5	424	150
1	42	6	6	564	130
1	42	7	7	715	140
1	42	8	9	808	104
1	42	9	9	342	41
1	42	10	12	410	26
1	42	11	13	691	33
1	42	12	15	611	20
1	42	13	15	988	32
1	42	14	16	845	21
1	42	15	16	1381	32
1	42	16	18	1211	19
1	42	17	23	1611	8
1	42	18	23	1908	10
1	42	19	23	2115	10
1	42	20	23	2362	12
1	42	21	22	3110	22
1	42	22	26	3598	9
1	42	23	25	4395	13
1	42	24	26	4903	14
1	42	25	31	6457	6
1	42	26	33	4826	3
1	42	27	32	13790	10
1	42	28	32	25807	18
1	42	29	32	27301	19
1	42	30	31	14495	13
1	42	31	30	18165	20
1	42	32	30	24310	25
1	42	33	31	44961	36
1	42	34	34	4674	2
1	42	35	34	527	0
1	42	36	30	85	0
1	43	0	20	0	0
1	43	1	2	68	46
1	43	2	20	0	0
1	43	3	20	0	0
1	43	4	5	421	148
1	43	5	5	448	142
1	43	6	6	585	144
1	43	7	6	775	175
1	43	8	9	924	130
1	43	9	9	376	44
1	43	10	11	394	31
1	43	11	12	814	50
1	43	12	14	677	28
1	43	13	15	1145	36
1	43	14	17	905	17
1	43	15	17	1541	30
1	43	16	21	1252	10
1	43	17	24	1645	7
1	43	18	21	2013	17
1	43	19	20	2295	22
1	43	20	23	2461	13
1	43	21	25	3341	11
1	43	22	25	3948	13
1	43	23	26	4451	12
1	43	24	25	5208	16
1	43	25	29	6592	9
1	43	26	28	5220	8
1	43	27	28	14270	21
1	43	28	33	25741	14
1	43	29	31	26448	23
1	43	30	33	14690	8
1	43	31	30	17942	20
1	43	32	31	24241	21
1	43	33	31	42907	32
1	43	34	34	4548	2
1	43	35	34	509	0
1	43	36	30	66	0
1	44	0	20	0	0
1	44	1	2	72	53
1	44	2	20	0	0
1	44	3	20	0	0
1	44	4	4	508	203
1	44	5	4	530	193
1	44	6	6	768	183
1	44	7	7	888	182
1	44	8	9	1030	142
1	44	9	10	386	42
1	44	10	11	461	40
1	44	11	13	988	50
1	44	12	15	749	26
1	44	13	16	1183	27
1	44	14	15	1108	33
1	44	15	17	1710	34
1	44	16	18	1433	23
1	44	17	20	1976	19
1	44	18	21	2306	19
1	44	19	22	2497	16
1	44	20	25	2835	9
1	44	21	28	3608	6
1	44	22	25	4361	13
1	44	23	27	5038	10
1	44	24	27	5377	12
1	44	25	27	6894	15
1	44	26	32	5508	4
1	44	27	30	14472	15
1	44	28	31	25256	19
1	44	29	32	25370	17
1	44	30	32	14133	10
1	44	31	30	17586	17
1	44	32	32	24098	17
1	44	33	31	40887	32
1	44	34	32	4269	3
1	44	35	34	513	0
1	44	36	30	60	0
1	45	0	20	0	0
1	45	1	2	84	59
1	45	2	20	0	0
1	45	3	20	0	0
1	45	4	4	610	226
1	45	5	5	555	185
1	45	6	6	810	210
1	45	7	6	886	202
1	45	8	8	1129	171
1	45	9	11	367	31
1	45	10	11	479	42
1	45	11	12	1066	61
1	45	12	13	743	34
1	45	13	15	1345	48
1	45	14	16	1134	28
1	45	15	16	1816	42
1	45	16	18	1599	28
1	45	17	21	2013	16
1	45	18	23	2392	13
1	45	19	21	2681	20
1	45	20	24	2986	13
1	45	21	25	3709	13
1	45	22	25	4705	16
1	45	23	27	5255	11
1	45	24	29	5926	8
1	45	25	27	7203	16
1	45	26	27	5690	12
1	45	27	30	15025	14
1	45	28	31	24454	22
1	45	29	30	25269	26
1	45	30	30	14166	15
1	45	31	29	17112	21
1	45	32	31	23924	19
1	45	33	31	38994	33
1	45	34	30	4134	5
1	45	35	29	507	1
1	45	36	30	83	0
1	46	0	20	0	0
1	46	1	2	77	51
1	46	2	20	0	0
1	46	3	20	0	0
1	46	4	5	605	211
1	46	5	5	625	214
1	46	6	6	882	228
1	46	7	7	1113	243
1	46	8	9	1211	162
1	46	9	9	449	56
1	46	10	10	557	53
1	46	11	12	1071	62
1	46	12	13	874	42
1	46	13	15	1414	44
1	46	14	16	1234	31
1	46	15	17	1996	37
1	46	16	17	1591	31
1	46	17	20	2203	25
1	46	18	22	2618	17
1	46	19	22	2970	21
1	46	20	24	3195	13
1	46	21	25	4246	14
1	46	22	27	4904	11
1	46	23	27	5507	11
1	46	24	28	6242	10
1	46	25	26	7665	19
1	46	26	28	5922	9
1	46	27	31	15591	13
1	46	28	32	25224	18
1	46	29	31	23055	17
1	46	30	32	14140	10
1	46	31	33	16672	9
1	46	32	30	24000	24
1	46	33	31	36881	29
1	46	34	33	3625	2
1	46	35	34	457	0
1	46	36	29	48	0
1	47	0	20	0	0
1	47	1	2	59	46
1	47	2	20	0	0
1	47	3	20	0	0
1	47	4	4	663	239
1	47	5	5	615	197
1	47	6	7	885	185
1	47	7	7	1028	207
1	47	8	8	1171	167
1	47	9	10	487	49
1	47	10	11	625	48
1	47	11	14	1135	45
1	47	12	14	877	36
1	47	13	15	1468	49
1	47	14	18	1288	22
1	47	15	17	2015	41
1	47	16	17	1744	36
1	47	17	20	2166	24
1	47	18	21	2748	24
1	47	19	21	3031	22
1	47	20	23	3382	17
1	47	21	26	4288	12
1	47	22	26	5140	13
1	47	23	26	5695	14
1	47	24	29	6297	9
1	47	25	27	7695	15
1	47	26	28	5907	10
1	47	27	31	16310	13
1	47	28	31	25237	20
1	47	29	30	22507	25
1	47	30	29	13982	17
1	47	31	30	16443	16
1	47	32	33	24316	13
1	47	33	30	35659	36
1	47	34	30	3478	4
1	47	35	29	464	1
1	47	36	30	60	0
1	48	0	20	0	0
1	48	1	2	68	49
1	48	2	20	0	0
1	48	3	20	0	0
1	48	4	5	679	225
1	48	5	5	654	212
1	48	6	6	935	237
1	48	7	7	1073	230
1	48	8	9	1237	150
1	48	9	10	442	49
1	48	10	13	637	36
1	48	11	14	1178	53
1	48	12	14	896	36
1	48	13	15	1454	52
1	48	14	18	1380	21
1	48	15	18	2045	30
1	48	16	19	1813	24
1	48	17	20	2430	26
1	48	18	21	2795	23
1	48	19	22	3133	20
1	48	20	23	3441	17
1	48	21	25	4464	14
1	48	22	28	4995	8
1	48	23	28	5682	10
1	48	24	26	6462	16
1	48	25	27	7848	16
1	48	26	32	5950	4
1	48	27	30	16257	17
1	48	28	31	24954	20
1	48	29	31	21961	18
1	48	30	31	14282	12
1	48	31	30	16579	17
1	48	32	31	24366	19
1	48	33	30	34811	35
1	48	34	33	3437	2
1	48	35	34	474	0
1	48	36	29	47	0
1	49	0	20	0	0
1	49	1	2	66	44
1	49	2	20	0	0
1	49	3	20	0	0
1	49	4	4	827	314
1	49	5	5	823	261
1	49	6	6	1025	261
1	49	7	7	1203	238
1	49	8	8	1471	209
1	49	9	10	474	46
1	49	10	11	681	61
1	49	11	13	1314	68
1	49	12	13	1006	52
1	49	13	13	1688	80
1	49	14	17	1497	34
1	49	15	17	2299	51
1	49	16	18	1942	30
1	49	17	19	2564	33
1	49	18	21	2980	22
1	49	19	22	3441	23
1	49	20	22	3643	26
1	49	21	23	4713	27
1	49	22	26	5441	14
1	49	23	26	6112	16
1	49	24	25	6885	20
1	49	25	26	8077	20
1	49	26	28	6288	11
1	49	27	30	16356	17
1	49	28	30	24372	24
1	49	29	32	21712	15
1	49	30	32	13436	9
1	49	31	32	15909	11
1	49	32	31	23625	18
1	49	33	31	33162	29
1	49	34	31	3295	3
1	49	35	34	486	0
1	49	36	29	48	0
1	50	0	20	0	0
1	50	1	2	69	51
1	50	2	20	0	0
1	50	3	20	0	0
1	50	4	5	831	283
1	50	5	5	801	284
1	50	6	6	1071	271
1	50	7	7	1119	213
1	50	8	9	1471	192
1	50	9	11	542	48
1	50	10	11	681	57
1	50	11	13	1392	72
1	50	12	14	1088	40
1	50	13	15	1704	59
1	50	14	17	1590	34
1	50	15	18	2461	43
1	50	16	18	2154	38
1	50	17	20	2745	25
1	50	18	21	3269	28
1	50	19	23	3423	17
1	50	20	24	3845	15
1	50	21	25	5018	18
1	50	22	26	5698	16
1	50	23	28	6418	10
1	50	24	27	6983	15
1	50	25	27	8341	19
1	50	26	29	6401	9
1	50	27	30	17145	17
1	50	28	32	24316	17
1	50	29	29	20426	27
1	50	30	35	13854	5
1	50	31	31	15541	12
1	50	32	30	23690	24
1	50	33	31	31242	27
1	50	34	31	3036	3
1	50	35	34	463	0
1	50	36	29	37	0
1	51	0	20	0	0
1	51	1	2	102	61
1	51	2	20	0	0
1	51	3	20	0	0
1	51	4	5	844	280
1	51	5	4	797	291
1	51	6	6	1050	242
1	51	7	7	1167	241
1	51	8	9	1462	190
1	51	9	10	510	50
1	51	10	11	705	62
1	51	11	13	1405	65
1	51	12	14	1106	46
1	51	13	14	1745	66
1	51	14	17	1635	32
1	51	15	18	2314	38
1	51	16	20	2106	24
1	51	17	19	2804	33
1	51	18	21	3270	27
1	51	19	24	3537	14
1	51	20	24	3891	16
1	51	21	24	4848	20
1	51	22	25	5481	19
1	51	23	27	6601	14
1	51	24	28	7140	12
1	51	25	29	8468	12
1	51	26	30	6260	7
1	51	27	29	16923	20
1	51	28	29	24305	33
1	51	29	32	20365	13
1	51	30	31	13822	12
1	51	31	28	15655	24
1	51	32	31	24071	18
1	51	33	31	31073	25
1	51	34	29	2910	4
1	51	35	28	437	1
1	51	36	18	40	1
1	52	0	20	0	0
1	52	1	2	83	63
1	52	2	20	0	0
1	52	3	20	0	0
1	52	4	4	949	339
1	52	5	5	980	325
1	52	6	6	1185	287
1	52	7	6	1284	291
1	52	8	9	1680	230
1	52	9	9	557	65
1	52	10	9	781	99
1	52	11	12	1566	95
1	52	12	13	1169	58
1	52	13	16	1880	49
1	52	14	16	1767	46
1	52	15	17	2558	57
1	52	16	18	2189	36
1	52	17	19	2914	37
1	52	18	20	3391	36
1	52	19	21	3905	29
1	52	20	22	3957	25
1	52	21	22	5138	36
1	52	22	25	5704	19
1	52	23	26	6643	19
1	52	24	26	7292	21
1	52	25	28	8579	14
1	52	26	28	6392	10
1	52	27	27	16587	36
1	52	28	29	23307	29
1	52	29	29	20371	29
1	52	30	29	13376	18
1	52	31	28	15379	24
1	52	32	29	22911	27
1	52	33	28	30862	49
1	52	34	28	3027	5
1	52	35	34	466	0
1	52	36	29	39	0
1	53	0	20	0	0
1	53	1	2	94	63
1	53	2	20	0	0
1	53	3	20	0	0
1	53	4	5	921	321
1	53	5	5	906	304
1	53	6	6	1105	260
1	53	7	7	1167	245
1	53	8	9	1564	219
1	53	9	11	548	48
1	53	10	6	964	235
1	53	11	14	1705	66
1	53	12	15	1266	42
1	53	13	16	2140	56
1	53	14	17	2000	38
1	53	15	20	2856	32
1	53	16	19	2661	35
1	53	17	23	3419	19
1	53	18	22	4038	28
1	53	19	23	4070	22
1	53	20	23	4782	23
1	53	21	24	5629	23
1	53	22	24	6362	26
1	53	23	27	7604	17
1	53	24	28	8186	15
1	53	25	26	9622	25
1	53	26	30	6702	7
1	53	27	29	18086	22
1	53	28	28	22936	37
1	53	29	31	18396	15
1	53	30	29	15025	20
1	53	31	28	14809	26
1	53	32	28	23957	36
1	53	33	28	22878	34
1	53	34	34	1965	1
1	53	35	34	464	0
1	53	36	27	17	0
1	54	0	20	0	0
1	54	1	2	94	63
1	54	2	20	0	0
1	54	3	20	0	0
1	54	4	5	921	321
1	54	5	5	906	304
1	54	6	6	1105	260
1	54	7	7	1167	245
1	54	8	9	1564	219
1	54	9	11	548	48
1	54	10	6	964	235
1	54	11	14	1705	66
1	54	12	15	1266	42
1	54	13	16	2140	56
1	54	14	17	2000	38
1	54	15	20	2856	32
1	54	16	19	2661	35
1	54	17	23	3419	19
1	54	18	22	4038	28
1	54	19	23	4070	22
1	54	20	23	4782	23
1	54	21	24	5629	23
1	54	22	24	6362	26
1	54	23	27	7604	17
1	54	24	28	8186	15
1	54	25	26	9622	25
1	54	26	30	6702	7
1	54	27	29	18086	22
1	54	28	28	22936	37
1	54	29	31	18396	15
1	54	30	29	15025	20
1	54	31	28	14809	26
1	54	32	28	23957	36
1	54	33	28	22878	34
1	54	34	34	1965	1
1	54	35	34	464	0
1	54	36	27	17	0
2	1	0	20	0	0
2	1	1	2	65	42
2	1	2	20	0	0
2	1	3	20	0	0
2	1	4	2	21	10
2	1	5	9	5	1
2	1	6	4	27	9
2	1	7	9	48	7
2	1	8	5	64	19
2	1	9	6	65	16
2	1	10	2	123	88
2	1	11	12	50	4
2	1	12	12	75	5
2	1	13	16	65	2
2	1	14	22	100	1
2	1	15	11	68	6
2	1	16	14	107	5
2	1	17	14	40	2
2	1	18	18	96	2
2	1	19	15	105	4
2	1	20	33	277	0
2	1	21	20	478	5
2	1	22	24	164	1
2	1	23	26	252	1
2	1	24	22	364	3
2	1	25	28	383	1
2	1	26	24	607	3
2	1	27	24	1433	6
2	1	28	30	18238	19
2	1	29	29	20756	25
2	1	30	31	51274	43
2	1	31	33	14106	8
2	1	32	29	29056	37
2	1	33	31	38734	31
2	1	34	30	31517	35
2	1	35	30	2547	3
2	1	36	29	40	0
2	2	0	20	0	0
2	2	1	2	65	42
2	2	2	20	0	0
2	2	3	20	0	0
2	2	4	2	21	10
2	2	5	9	5	1
2	2	6	4	27	9
2	2	7	9	48	7
2	2	8	5	64	19
2	2	9	6	65	16
2	2	10	2	123	88
2	2	11	12	50	4
2	2	12	12	75	5
2	2	13	16	65	2
2	2	14	22	100	1
2	2	15	11	68	6
2	2	16	14	107	5
2	2	17	14	40	2
2	2	18	18	96	2
2	2	19	15	105	4
2	2	20	33	277	0
2	2	21	20	478	5
2	2	22	24	164	1
2	2	23	26	252	1
2	2	24	22	364	3
2	2	25	28	383	1
2	2	26	24	607	3
2	2	27	24	1433	6
2	2	28	30	18238	19
2	2	29	29	20756	25
2	2	30	31	51274	43
2	2	31	33	14106	8
2	2	32	29	29056	37
2	2	33	31	38734	31
2	2	34	30	31517	35
2	2	35	30	2547	3
2	2	36	29	40	0
2	3	0	20	0	0
2	3	1	2	60	43
2	3	2	20	0	0
2	3	3	20	0	0
2	3	4	5	33	10
2	3	5	23	2	0
2	3	6	8	33	6
2	3	7	10	50	6
2	3	8	7	56	11
2	3	9	8	70	12
2	3	10	10	37	4
2	3	11	17	31	1
2	3	12	8	51	8
2	3	13	19	49	1
2	3	14	12	56	4
2	3	15	17	71	2
2	3	16	18	96	2
2	3	17	29	50	0
2	3	18	19	118	2
2	3	19	18	92	2
2	3	20	20	340	4
2	3	21	21	695	6
2	3	22	21	178	2
2	3	23	19	310	4
2	3	24	20	455	5
2	3	25	22	445	3
2	3	26	25	752	3
2	3	27	30	1729	2
2	3	28	28	20058	29
2	3	29	31	21054	18
2	3	30	31	49446	43
2	3	31	31	14228	13
2	3	32	29	28642	34
2	3	33	30	40892	46
2	3	34	31	28913	22
2	3	35	29	2232	3
2	3	36	29	36	0
2	4	0	20	0	0
2	4	1	2	69	42
2	4	2	20	0	0
2	4	3	20	0	0
2	4	4	3	28	11
2	4	5	23	2	0
2	4	6	5	28	9
2	4	7	10	68	8
2	4	8	8	62	11
2	4	9	9	69	10
2	4	10	9	47	6
2	4	11	11	64	6
2	4	12	10	46	5
2	4	13	14	40	2
2	4	14	12	66	5
2	4	15	14	62	3
2	4	16	18	104	2
2	4	17	17	74	2
2	4	18	13	134	8
2	4	19	19	124	2
2	4	20	19	410	6
2	4	21	19	757	9
2	4	22	26	220	1
2	4	23	21	349	3
2	4	24	25	508	2
2	4	25	25	523	2
2	4	26	35	749	0
2	4	27	34	1967	1
2	4	28	31	21065	19
2	4	29	30	21301	22
2	4	30	31	48122	36
2	4	31	28	14298	21
2	4	32	33	28702	15
2	4	33	30	40845	40
2	4	34	30	28260	30
2	4	35	34	2178	1
2	4	36	29	46	0
2	5	0	20	0	0
2	5	1	2	87	61
2	5	2	20	0	0
2	5	3	20	0	0
2	5	4	6	28	7
2	5	5	7	3	1
2	5	6	7	32	7
2	5	7	8	55	9
2	5	8	8	59	9
2	5	9	10	71	8
2	5	10	8	43	7
2	5	11	8	54	9
2	5	12	10	63	7
2	5	13	20	52	1
2	5	14	11	54	5
2	5	15	16	64	2
2	5	16	15	87	3
2	5	17	20	52	1
2	5	18	19	128	2
2	5	19	19	121	2
2	5	20	22	374	3
2	5	21	25	744	3
2	5	22	32	251	0
2	5	23	28	368	1
2	5	24	25	519	2
2	5	25	29	538	1
2	5	26	25	744	3
2	5	27	28	2032	4
2	5	28	31	21346	18
2	5	29	32	21496	13
2	5	30	32	47763	30
2	5	31	30	14328	16
2	5	32	33	28590	15
2	5	33	32	41971	26
2	5	34	31	27159	20
2	5	35	36	2039	0
2	5	36	29	37	0
2	6	0	20	0	0
2	6	1	2	72	60
2	6	2	20	0	0
2	6	3	20	0	0
2	6	4	4	31	11
2	6	5	24	4	0
2	6	6	9	33	5
2	6	7	6	62	16
2	6	8	8	51	8
2	6	9	11	72	6
2	6	10	9	38	5
2	6	11	12	52	4
2	6	12	11	59	5
2	6	13	13	53	3
2	6	14	20	63	1
2	6	15	14	79	4
2	6	16	18	86	2
2	6	17	21	78	1
2	6	18	23	128	1
2	6	19	31	142	0
2	6	20	21	404	4
2	6	21	24	824	4
2	6	22	22	247	2
2	6	23	33	360	0
2	6	24	34	512	0
2	6	25	29	545	1
2	6	26	25	816	3
2	6	27	31	2084	2
2	6	28	31	21963	20
2	6	29	32	21491	13
2	6	30	33	47140	22
2	6	31	34	14651	7
2	6	32	31	28643	22
2	6	33	31	41552	30
2	6	34	34	27055	12
2	6	35	36	1934	0
2	6	36	29	42	0
2	7	0	20	0	0
2	7	1	2	72	54
2	7	2	20	0	0
2	7	3	20	0	0
2	7	4	3	24	10
2	7	5	5	6	2
2	7	6	4	35	13
2	7	7	7	70	16
2	7	8	8	64	10
2	7	9	8	55	9
2	7	10	9	47	7
2	7	11	11	59	5
2	7	12	10	50	5
2	7	13	19	45	1
2	7	14	13	50	3
2	7	15	15	78	3
2	7	16	13	106	6
2	7	17	17	71	2
2	7	18	15	123	4
2	7	19	23	124	1
2	7	20	24	420	2
2	7	21	25	814	3
2	7	22	32	235	0
2	7	23	24	373	2
2	7	24	21	485	4
2	7	25	25	530	2
2	7	26	24	805	4
2	7	27	29	2179	3
2	7	28	33	22341	13
2	7	29	32	21512	15
2	7	30	34	46982	21
2	7	31	37	14648	3
2	7	32	33	28312	14
2	7	33	33	42502	23
2	7	34	32	26197	16
2	7	35	34	1901	1
2	7	36	28	33	0
2	8	0	20	0	0
2	8	1	2	76	55
2	8	2	20	0	0
2	8	3	20	0	0
2	8	4	4	36	13
2	8	5	4	5	2
2	8	6	3	33	13
2	8	7	9	91	12
2	8	8	8	59	10
2	8	9	9	73	10
2	8	10	13	48	3
2	8	11	11	74	6
2	8	12	10	60	6
2	8	13	15	47	2
2	8	14	13	51	3
2	8	15	14	80	4
2	8	16	14	101	5
2	8	17	15	51	2
2	8	18	19	123	2
2	8	19	22	103	1
2	8	20	22	411	3
2	8	21	22	799	6
2	8	22	21	207	2
2	8	23	20	320	4
2	8	24	25	496	2
2	8	25	23	511	3
2	8	26	30	759	1
2	8	27	27	1912	4
2	8	28	33	21903	12
2	8	29	32	21539	14
2	8	30	33	47617	24
2	8	31	35	14191	5
2	8	32	34	28584	13
2	8	33	35	41113	13
2	8	34	33	27729	13
2	8	35	36	2122	0
2	8	36	28	31	0
2	9	0	20	0	0
2	9	1	2	62	52
2	9	2	20	0	0
2	9	3	20	0	0
2	9	4	6	33	9
2	9	5	24	3	0
2	9	6	6	54	14
2	9	7	8	64	10
2	9	8	6	77	19
2	9	9	9	87	12
2	9	10	10	56	6
2	9	11	10	64	7
2	9	12	11	40	4
2	9	13	11	71	6
2	9	14	14	57	3
2	9	15	22	99	1
2	9	16	15	123	4
2	9	17	30	91	0
2	9	18	16	139	4
2	9	19	19	128	2
2	9	20	21	412	4
2	9	21	21	859	7
2	9	22	22	262	2
2	9	23	20	385	4
2	9	24	23	560	3
2	9	25	18	582	10
2	9	26	22	903	6
2	9	27	30	2309	3
2	9	28	31	23368	19
2	9	29	32	21408	13
2	9	30	35	46151	16
2	9	31	33	14475	8
2	9	32	32	28513	19
2	9	33	32	41224	27
2	9	34	33	26652	14
2	9	35	31	1990	2
2	9	36	29	41	0
2	10	0	20	0	0
2	10	1	2	85	58
2	10	2	20	0	0
2	10	3	20	0	0
2	10	4	3	31	12
2	10	5	5	6	2
2	10	6	9	48	6
2	10	7	9	85	11
2	10	8	7	80	17
2	10	9	8	78	14
2	10	10	10	46	5
2	10	11	12	57	4
2	10	12	11	62	5
2	10	13	11	63	6
2	10	14	21	78	1
2	10	15	16	64	2
2	10	16	19	112	2
2	10	17	14	80	4
2	10	18	15	153	5
2	10	19	23	111	1
2	10	20	24	430	2
2	10	21	27	815	2
2	10	22	22	243	2
2	10	23	20	377	4
2	10	24	24	579	3
2	10	25	24	580	3
2	10	26	24	928	4
2	10	27	29	2166	3
2	10	28	32	23879	17
2	10	29	36	21628	6
2	10	30	34	45762	19
2	10	31	33	14738	8
2	10	32	38	28035	4
2	10	33	33	42041	20
2	10	34	35	25917	8
2	10	35	36	1969	0
2	10	36	29	34	0
2	11	0	20	0	0
2	11	1	2	56	46
2	11	2	20	0	0
2	11	3	20	0	0
2	11	4	3	40	16
2	11	5	3	5	3
2	11	6	4	71	25
2	11	7	7	87	19
2	11	8	9	66	9
2	11	9	9	92	13
2	11	10	9	65	8
2	11	11	16	61	2
2	11	12	13	64	4
2	11	13	16	58	2
2	11	14	17	81	2
2	11	15	18	93	2
2	11	16	17	130	3
2	11	17	22	91	1
2	11	18	21	174	2
2	11	19	21	174	2
2	11	20	20	463	5
2	11	21	31	848	1
2	11	22	17	278	6
2	11	23	25	460	2
2	11	24	23	641	4
2	11	25	26	624	2
2	11	26	21	987	8
2	11	27	32	2464	2
2	11	28	31	25072	21
2	11	29	34	21508	10
2	11	30	35	44702	14
2	11	31	30	14741	14
2	11	32	34	28365	11
2	11	33	35	42130	15
2	11	34	34	24774	10
2	11	35	33	1860	1
2	11	36	29	39	0
2	12	0	20	0	0
2	12	1	2	85	54
2	12	2	20	0	0
2	12	3	20	0	0
2	12	4	5	41	13
2	12	5	5	6	2
2	12	6	6	52	15
2	12	7	7	89	18
2	12	8	8	67	12
2	12	9	9	84	11
2	12	10	9	54	8
2	12	11	8	59	10
2	12	12	12	82	6
2	12	13	20	51	1
2	12	14	12	97	6
2	12	15	18	89	2
2	12	16	24	165	1
2	12	17	16	92	3
2	12	18	18	174	3
2	12	19	32	182	0
2	12	20	21	448	4
2	12	21	27	839	2
2	12	22	20	313	4
2	12	23	28	452	1
2	12	24	23	679	4
2	12	25	24	662	3
2	12	26	24	1070	5
2	12	27	34	2526	1
2	12	28	30	26139	27
2	12	29	33	21357	12
2	12	30	33	43993	21
2	12	31	34	14793	6
2	12	32	34	27985	11
2	12	33	35	42706	15
2	12	34	38	24194	4
2	12	35	30	1714	2
2	12	36	29	43	0
2	13	0	20	0	0
2	13	1	2	70	45
2	13	2	20	0	0
2	13	3	20	0	0
2	13	4	4	37	13
2	13	5	2	7	4
2	13	6	5	69	22
2	13	7	9	103	13
2	13	8	10	77	9
2	13	9	11	96	8
2	13	10	11	65	6
2	13	11	10	53	6
2	13	12	10	75	8
2	13	13	20	64	1
2	13	14	12	93	6
2	13	15	14	85	4
2	13	16	15	166	6
2	13	17	22	84	1
2	13	18	19	206	3
2	13	19	16	173	5
2	13	20	23	504	3
2	13	21	31	890	1
2	13	22	19	350	5
2	13	23	22	556	4
2	13	24	21	735	7
2	13	25	27	745	2
2	13	26	29	1148	2
2	13	27	29	2948	4
2	13	28	32	27464	18
2	13	29	32	21478	13
2	13	30	35	42407	15
2	13	31	35	15101	5
2	13	32	33	27987	15
2	13	33	34	43276	16
2	13	34	32	22639	16
2	13	35	33	1574	1
2	13	36	29	54	0
2	14	0	20	0	0
2	14	1	2	79	58
2	14	2	20	0	0
2	14	3	20	0	0
2	14	4	4	65	25
2	14	5	7	9	2
2	14	6	8	70	12
2	14	7	9	103	13
2	14	8	9	79	11
2	14	9	9	98	13
2	14	10	13	63	4
2	14	11	9	60	8
2	14	12	11	74	7
2	14	13	14	67	3
2	14	14	15	82	3
2	14	15	23	110	1
2	14	16	15	147	5
2	14	17	19	108	2
2	14	18	20	166	2
2	14	19	21	173	2
2	14	20	23	534	3
2	14	21	25	882	3
2	14	22	33	327	0
2	14	23	29	497	1
2	14	24	27	718	2
2	14	25	30	751	1
2	14	26	29	1112	2
2	14	27	27	2815	6
2	14	28	33	27506	15
2	14	29	32	21749	15
2	14	30	34	42305	17
2	14	31	35	15038	5
2	14	32	33	27726	15
2	14	33	34	43065	18
2	14	34	32	23030	14
2	14	35	30	1720	2
2	14	36	29	46	0
2	15	0	20	0	0
2	15	1	2	68	49
2	15	2	20	0	0
2	15	3	20	0	0
2	15	4	4	42	15
2	15	5	4	11	4
2	15	6	6	63	16
2	15	7	7	93	18
2	15	8	8	79	14
2	15	9	9	89	13
2	15	10	11	63	5
2	15	11	9	64	8
2	15	12	14	79	4
2	15	13	15	52	2
2	15	14	16	92	3
2	15	15	22	84	1
2	15	16	20	146	2
2	15	17	18	96	2
2	15	18	17	190	4
2	15	19	17	170	4
2	15	20	20	521	6
2	15	21	23	873	5
2	15	22	23	297	2
2	15	23	22	505	4
2	15	24	23	709	4
2	15	25	23	680	4
2	15	26	23	1187	7
2	15	27	30	2611	3
2	15	28	31	27062	21
2	15	29	35	21691	8
2	15	30	35	43153	14
2	15	31	34	14760	7
2	15	32	33	27605	15
2	15	33	35	42411	14
2	15	34	37	24031	5
2	15	35	33	1766	1
2	15	36	28	33	0
2	16	0	20	0	0
2	16	1	2	71	53
2	16	2	20	0	0
2	16	3	20	0	0
2	16	4	2	42	19
2	16	5	9	12	2
2	16	6	6	94	24
2	16	7	9	116	14
2	16	8	7	79	17
2	16	9	8	95	14
2	16	10	13	68	4
2	16	11	11	59	5
2	16	12	13	84	5
2	16	13	17	79	2
2	16	14	18	90	2
2	16	15	19	111	2
2	16	16	14	165	7
2	16	17	23	110	1
2	16	18	18	210	4
2	16	19	19	193	3
2	16	20	23	527	3
2	16	21	24	907	4
2	16	22	27	335	1
2	16	23	29	565	1
2	16	24	30	767	1
2	16	25	27	816	2
2	16	26	32	1268	1
2	16	27	27	2929	6
2	16	28	31	28500	21
2	16	29	33	22024	11
2	16	30	33	41272	23
2	16	31	35	15133	5
2	16	32	32	27577	18
2	16	33	34	43577	16
2	16	34	34	21923	9
2	16	35	36	1537	0
2	16	36	29	35	0
2	17	0	20	0	0
2	17	1	2	67	45
2	17	2	20	0	0
2	17	3	20	0	0
2	17	4	5	67	21
2	17	5	7	17	4
2	17	6	6	89	23
2	17	7	8	127	22
2	17	8	8	85	13
2	17	9	9	121	15
2	17	10	12	65	5
2	17	11	17	84	2
2	17	12	15	112	4
2	17	13	14	95	4
2	17	14	16	142	4
2	17	15	17	123	3
2	17	16	18	197	4
2	17	17	17	162	4
2	17	18	17	241	5
2	17	19	18	230	4
2	17	20	20	607	6
2	17	21	25	1022	4
2	17	22	21	475	4
2	17	23	30	760	1
2	17	24	28	982	2
2	17	25	24	950	4
2	17	26	27	1619	4
2	17	27	32	3996	3
2	17	28	33	30742	17
2	17	29	34	21699	9
2	17	30	34	38689	16
2	17	31	33	15469	8
2	17	32	37	27877	6
2	17	33	36	43144	11
2	17	34	36	19800	6
2	17	35	33	1452	1
2	17	36	29	50	0
2	18	0	20	0	0
2	18	1	2	56	43
2	18	2	20	0	0
2	18	3	20	0	0
2	18	4	4	66	23
2	18	5	7	18	4
2	18	6	5	97	28
2	18	7	9	138	18
2	18	8	7	96	21
2	18	9	10	123	13
2	18	10	11	64	6
2	18	11	15	85	3
2	18	12	11	112	9
2	18	13	13	76	4
2	18	14	16	138	4
2	18	15	17	140	3
2	18	16	14	186	8
2	18	17	24	162	1
2	18	18	19	266	4
2	18	19	26	265	1
2	18	20	26	583	2
2	18	21	23	1028	6
2	18	22	21	401	4
2	18	23	23	691	4
2	18	24	24	883	4
2	18	25	28	940	2
2	18	26	28	1516	3
2	18	27	29	3664	5
2	18	28	34	31419	14
2	18	29	30	21825	20
2	18	30	33	38494	18
2	18	31	31	15393	13
2	18	32	32	27616	20
2	18	33	34	43569	18
2	18	34	34	19795	8
2	18	35	33	1421	1
2	18	36	29	51	0
2	19	0	20	0	0
2	19	1	2	81	60
2	19	2	20	0	0
2	19	3	20	0	0
2	19	4	6	49	14
2	19	5	9	11	2
2	19	6	6	81	21
2	19	7	7	131	24
2	19	8	8	95	17
2	19	9	9	111	15
2	19	10	17	81	2
2	19	11	10	101	11
2	19	12	19	135	2
2	19	13	17	78	2
2	19	14	13	135	8
2	19	15	15	123	4
2	19	16	16	219	6
2	19	17	24	146	1
2	19	18	20	263	3
2	19	19	20	246	3
2	19	20	23	629	4
2	19	21	22	1041	7
2	19	22	22	373	3
2	19	23	27	722	2
2	19	24	24	923	4
2	19	25	26	936	3
2	19	26	24	1501	6
2	19	27	33	3497	2
2	19	28	32	31247	21
2	19	29	33	21899	12
2	19	30	34	38730	16
2	19	31	33	15233	8
2	19	32	32	27647	18
2	19	33	33	43656	20
2	19	34	36	19813	6
2	19	35	36	1383	0
2	19	36	29	43	0
2	20	0	20	0	0
2	20	1	2	69	51
2	20	2	20	0	0
2	20	3	20	0	0
2	20	4	4	73	27
2	20	5	7	17	4
2	20	6	7	119	24
2	20	7	8	167	26
2	20	8	7	92	18
2	20	9	12	113	7
2	20	10	9	80	10
2	20	11	13	92	5
2	20	12	12	111	8
2	20	13	16	96	3
2	20	14	15	163	6
2	20	15	19	134	2
2	20	16	16	240	6
2	20	17	20	166	2
2	20	18	19	321	5
2	20	19	26	257	1
2	20	20	21	625	5
2	20	21	22	1099	8
2	20	22	25	445	2
2	20	23	22	700	5
2	20	24	24	929	4
2	20	25	21	1009	8
2	20	26	28	1636	3
2	20	27	29	3841	5
2	20	28	32	32233	19
2	20	29	35	21632	7
2	20	30	35	37885	13
2	20	31	34	15337	6
2	20	32	33	27592	13
2	20	33	33	43553	24
2	20	34	35	19147	6
2	20	35	36	1353	0
2	20	36	29	43	0
2	21	0	20	0	0
2	21	1	2	80	52
2	21	2	20	0	0
2	21	3	20	0	0
2	21	4	4	96	37
2	21	5	9	13	2
2	21	6	6	125	35
2	21	7	8	145	23
2	21	8	8	111	17
2	21	9	10	114	11
2	21	10	13	75	4
2	21	11	12	97	7
2	21	12	14	129	6
2	21	13	18	90	2
2	21	14	17	159	4
2	21	15	15	137	5
2	21	16	16	233	6
2	21	17	24	161	1
2	21	18	19	337	5
2	21	19	20	270	3
2	21	20	20	669	7
2	21	21	23	1072	6
2	21	22	23	492	3
2	21	23	30	783	1
2	21	24	28	1095	2
2	21	25	24	1105	5
2	21	26	28	1686	3
2	21	27	26	4022	10
2	21	28	30	33078	30
2	21	29	32	21744	13
2	21	30	33	36895	18
2	21	31	36	15657	4
2	21	32	32	27712	19
2	21	33	33	43100	24
2	21	34	35	18533	7
2	21	35	36	1318	0
2	21	36	29	40	0
2	22	0	20	0	0
2	22	1	2	84	66
2	22	2	20	0	0
2	22	3	20	0	0
2	22	4	6	81	22
2	22	5	5	24	7
2	22	6	6	127	32
2	22	7	8	148	26
2	22	8	7	103	21
2	22	9	8	127	20
2	22	10	13	83	5
2	22	11	12	88	6
2	22	12	14	152	6
2	22	13	16	100	3
2	22	14	18	149	3
2	22	15	24	160	1
2	22	16	17	258	6
2	22	17	25	177	1
2	22	18	20	339	4
2	22	19	21	325	3
2	22	20	21	731	7
2	22	21	27	1136	3
2	22	22	22	518	4
2	22	23	26	903	3
2	22	24	23	1128	6
2	22	25	28	1091	2
2	22	26	28	1764	3
2	22	27	28	4446	8
2	22	28	33	34177	17
2	22	29	34	21404	9
2	22	30	33	35964	18
2	22	31	32	15702	10
2	22	32	34	27414	11
2	22	33	34	44027	17
2	22	34	36	17236	5
2	22	35	35	1155	0
2	22	36	29	54	0
2	23	0	20	0	0
2	23	1	2	70	48
2	23	2	20	0	0
2	23	3	20	0	0
2	23	4	6	97	25
2	23	5	5	22	7
2	23	6	7	141	32
2	23	7	8	173	29
2	23	8	9	126	17
2	23	9	12	134	10
2	23	10	11	100	9
2	23	11	10	122	13
2	23	12	16	143	4
2	23	13	12	126	8
2	23	14	15	234	8
2	23	15	21	178	2
2	23	16	16	317	8
2	23	17	16	231	6
2	23	18	21	428	4
2	23	19	19	345	5
2	23	20	24	842	4
2	23	21	24	1279	6
2	23	22	25	714	3
2	23	23	22	1094	8
2	23	24	27	1406	3
2	23	25	32	1359	1
2	23	26	26	2168	6
2	23	27	31	5811	5
2	23	28	32	36683	26
2	23	29	32	20825	13
2	23	30	33	32893	16
2	23	31	36	16447	4
2	23	32	32	27543	18
2	23	33	35	43273	15
2	23	34	32	15017	10
2	23	35	35	958	0
2	23	36	30	70	0
2	24	0	20	0	0
2	24	1	2	67	50
2	24	2	20	0	0
2	24	3	20	0	0
2	24	4	5	111	32
2	24	5	11	31	3
2	24	6	6	147	41
2	24	7	7	175	34
2	24	8	6	104	25
2	24	9	10	143	16
2	24	10	12	92	7
2	24	11	13	106	6
2	24	12	14	169	8
2	24	13	17	126	3
2	24	14	18	202	4
2	24	15	16	198	5
2	24	16	19	299	4
2	24	17	17	237	5
2	24	18	21	423	4
2	24	19	22	370	3
2	24	20	19	850	11
2	24	21	20	1267	12
2	24	22	26	617	2
2	24	23	26	1000	3
2	24	24	25	1303	5
2	24	25	27	1391	3
2	24	26	31	2180	2
2	24	27	28	5024	9
2	24	28	32	35825	21
2	24	29	31	21022	17
2	24	30	32	34018	21
2	24	31	36	15999	4
2	24	32	37	27307	6
2	24	33	33	43066	23
2	24	34	32	16361	10
2	24	35	32	1070	1
2	24	36	30	58	0
2	25	0	20	0	0
2	25	1	2	52	37
2	25	2	20	0	0
2	25	3	20	0	0
2	25	4	5	130	39
2	25	5	12	25	2
2	25	6	7	169	37
2	25	7	9	201	28
2	25	8	7	110	22
2	25	9	10	160	16
2	25	10	13	119	6
2	25	11	16	133	4
2	25	12	13	177	9
2	25	13	16	141	4
2	25	14	17	193	4
2	25	15	15	222	7
2	25	16	15	310	11
2	25	17	21	205	2
2	25	18	22	380	3
2	25	19	18	375	6
2	25	20	25	864	3
2	25	21	22	1315	9
2	25	22	26	647	2
2	25	23	25	1084	4
2	25	24	26	1297	4
2	25	25	29	1384	2
2	25	26	29	2224	3
2	25	27	33	5267	3
2	25	28	31	36250	28
2	25	29	33	21210	10
2	25	30	33	33471	19
2	25	31	33	15919	8
2	25	32	33	27300	13
2	25	33	36	43515	12
2	25	34	35	15431	5
2	25	35	35	1019	0
2	25	36	30	60	0
2	26	0	20	0	0
2	26	1	2	72	47
2	26	2	20	0	0
2	26	3	20	0	0
2	26	4	5	130	41
2	26	5	8	27	5
2	26	6	7	178	35
2	26	7	9	184	25
2	26	8	10	121	13
2	26	9	10	150	16
2	26	10	11	116	9
2	26	11	12	132	9
2	26	12	12	215	13
2	26	13	18	150	3
2	26	14	15	231	8
2	26	15	16	229	6
2	26	16	23	336	2
2	26	17	18	272	5
2	26	18	22	511	4
2	26	19	20	456	5
2	26	20	24	898	4
2	26	21	22	1413	9
2	26	22	35	803	0
2	26	23	27	1220	3
2	26	24	28	1503	3
2	26	25	30	1491	2
2	26	26	27	2417	5
2	26	27	31	5825	5
2	26	28	33	37111	20
2	26	29	33	20674	12
2	26	30	35	32620	12
2	26	31	35	16193	5
2	26	32	33	27428	15
2	26	33	34	42141	17
2	26	34	34	15021	6
2	26	35	35	1022	0
2	26	36	30	61	0
2	27	0	20	0	0
2	27	1	2	66	45
2	27	2	20	0	0
2	27	3	20	0	0
2	27	4	6	142	40
2	27	5	4	36	12
2	27	6	7	208	42
2	27	7	7	231	48
2	27	8	8	119	18
2	27	9	9	156	19
2	27	10	13	133	8
2	27	11	13	145	8
2	27	12	12	182	12
2	27	13	18	166	3
2	27	14	16	255	7
2	27	15	15	222	8
2	27	16	19	378	5
2	27	17	21	299	3
2	27	18	20	503	5
2	27	19	19	474	6
2	27	20	23	996	5
2	27	21	24	1487	6
2	27	22	24	791	4
2	27	23	27	1308	3
2	27	24	33	1575	1
2	27	25	33	1514	1
2	27	26	28	2666	5
2	27	27	29	6263	8
2	27	28	32	38903	24
2	27	29	33	20494	12
2	27	30	33	30671	16
2	27	31	35	16502	6
2	27	32	37	27361	6
2	27	33	35	42839	15
2	27	34	36	13345	4
2	27	35	35	872	0
2	27	36	29	55	0
2	28	0	20	0	0
2	28	1	2	78	51
2	28	2	20	0	0
2	28	3	20	0	0
2	28	4	4	123	45
2	28	5	5	40	13
2	28	6	7	224	43
2	28	7	7	235	47
2	28	8	8	111	20
2	28	9	11	186	17
2	28	10	8	135	20
2	28	11	12	155	10
2	28	12	15	211	7
2	28	13	16	167	5
2	28	14	18	263	5
2	28	15	16	238	7
2	28	16	17	377	8
2	28	17	27	279	1
2	28	18	21	509	5
2	28	19	23	457	3
2	28	20	24	911	4
2	28	21	24	1469	7
2	28	22	22	758	5
2	28	23	27	1297	3
2	28	24	30	1569	2
2	28	25	26	1525	4
2	28	26	34	2620	1
2	28	27	29	6086	8
2	28	28	32	38617	25
2	28	29	34	20386	8
2	28	30	33	31226	16
2	28	31	36	16426	5
2	28	32	34	27446	11
2	28	33	32	42320	27
2	28	34	35	13970	5
2	28	35	35	881	0
2	28	36	30	65	0
2	29	0	20	0	0
2	29	1	2	71	55
2	29	2	20	0	0
2	29	3	20	0	0
2	29	4	5	141	50
2	29	5	7	39	9
2	29	6	6	196	51
2	29	7	8	232	35
2	29	8	8	122	21
2	29	9	11	201	16
2	29	10	11	121	11
2	29	11	10	130	13
2	29	12	17	218	5
2	29	13	13	178	9
2	29	14	16	282	8
2	29	15	16	230	6
2	29	16	19	395	5
2	29	17	15	254	9
2	29	18	23	500	3
2	29	19	25	473	2
2	29	20	21	987	9
2	29	21	24	1506	6
2	29	22	25	737	3
2	29	23	22	1336	9
2	29	24	26	1531	4
2	29	25	24	1567	7
2	29	26	25	2629	9
2	29	27	28	5836	10
2	29	28	32	39566	25
2	29	29	32	20437	13
2	29	30	33	30900	17
2	29	31	33	16215	9
2	29	32	33	27348	13
2	29	33	34	42684	17
2	29	34	32	13372	9
2	29	35	35	859	0
2	29	36	30	71	0
2	30	0	20	0	0
2	30	1	2	71	43
2	30	2	20	0	0
2	30	3	20	0	0
2	30	4	5	181	59
2	30	5	7	52	12
2	30	6	5	228	68
2	30	7	7	270	54
2	30	8	7	134	25
2	30	9	9	211	25
2	30	10	11	123	11
2	30	11	11	175	16
2	30	12	14	252	11
2	30	13	14	171	7
2	30	14	16	306	9
2	30	15	15	259	9
2	30	16	19	422	6
2	30	17	23	296	2
2	30	18	22	554	4
2	30	19	22	500	4
2	30	20	21	1092	10
2	30	21	20	1575	17
2	30	22	25	849	3
2	30	23	23	1440	7
2	30	24	27	1720	4
2	30	25	33	1663	1
2	30	26	27	3021	7
2	30	27	31	6319	6
2	30	28	32	40755	24
2	30	29	36	20006	5
2	30	30	32	29817	18
2	30	31	36	16537	4
2	30	32	32	27367	16
2	30	33	34	41584	19
2	30	34	35	12545	4
2	30	35	35	801	0
2	30	36	30	61	0
2	31	0	20	0	0
2	31	1	2	74	57
2	31	2	20	0	0
2	31	3	20	0	0
2	31	4	5	175	62
2	31	5	5	50	16
2	31	6	6	243	68
2	31	7	8	304	54
2	31	8	7	159	30
2	31	9	9	238	32
2	31	10	10	142	14
2	31	11	12	154	11
2	31	12	15	259	9
2	31	13	15	211	7
2	31	14	18	308	5
2	31	15	17	298	7
2	31	16	18	452	7
2	31	17	19	365	5
2	31	18	22	653	5
2	31	19	19	562	7
2	31	20	22	1148	8
2	31	21	23	1663	9
2	31	22	22	972	6
2	31	23	27	1588	4
2	31	24	33	1838	1
2	31	25	29	1864	3
2	31	26	28	3179	5
2	31	27	33	6878	4
2	31	28	32	41372	28
2	31	29	34	19956	9
2	31	30	31	28912	21
2	31	31	33	16648	9
2	31	32	33	27622	16
2	31	33	31	40084	30
2	31	34	32	12165	9
2	31	35	35	767	0
2	31	36	30	56	0
2	32	0	20	0	0
2	32	1	2	62	44
2	32	2	20	0	0
2	32	3	20	0	0
2	32	4	4	202	84
2	32	5	5	55	17
2	32	6	5	298	86
2	32	7	8	287	44
2	32	8	8	132	21
2	32	9	12	234	16
2	32	10	11	131	11
2	32	11	14	146	6
2	32	12	13	269	13
2	32	13	14	167	7
2	32	14	14	340	14
2	32	15	16	256	7
2	32	16	17	452	9
2	32	17	19	353	5
2	32	18	21	626	5
2	32	19	22	541	4
2	32	20	20	1132	12
2	32	21	22	1674	11
2	32	22	25	832	3
2	32	23	26	1472	4
2	32	24	27	1728	4
2	32	25	29	1794	3
2	32	26	30	3173	4
2	32	27	32	6556	5
2	32	28	31	41628	35
2	32	29	32	20149	14
2	32	30	33	29177	14
2	32	31	33	16475	9
2	32	32	31	27256	20
2	32	33	31	40721	32
2	32	34	32	12202	8
2	32	35	30	769	1
2	32	36	30	60	0
2	33	0	20	0	0
2	33	1	2	86	52
2	33	2	20	0	0
2	33	3	20	0	0
2	33	4	5	253	77
2	33	5	8	59	11
2	33	6	6	271	69
2	33	7	8	314	56
2	33	8	8	151	27
2	33	9	11	257	22
2	33	10	11	165	14
2	33	11	13	175	10
2	33	12	14	325	15
2	33	13	17	233	5
2	33	14	15	431	13
2	33	15	14	315	12
2	33	16	19	548	8
2	33	17	21	394	4
2	33	18	23	762	4
2	33	19	26	671	2
2	33	20	27	1228	3
2	33	21	22	1762	11
2	33	22	28	1091	2
2	33	23	26	1811	5
2	33	24	28	2117	4
2	33	25	25	2067	7
2	33	26	25	3639	11
2	33	27	31	7886	7
2	33	28	32	42641	30
2	33	29	31	19342	17
2	33	30	33	27463	15
2	33	31	35	16958	6
2	33	32	33	27278	13
2	33	33	32	39050	23
2	33	34	30	10875	12
2	33	35	26	685	2
2	33	36	30	68	0
2	34	0	20	0	0
2	34	1	2	73	48
2	34	2	20	0	0
2	34	3	20	0	0
2	34	4	5	247	79
2	34	5	6	52	14
2	34	6	6	300	75
2	34	7	7	299	59
2	34	8	9	140	19
2	34	9	10	264	30
2	34	10	14	175	8
2	34	11	14	194	8
2	34	12	13	356	17
2	34	13	17	207	5
2	34	14	17	408	8
2	34	15	18	273	5
2	34	16	18	570	9
2	34	17	19	412	6
2	34	18	19	754	9
2	34	19	19	627	8
2	34	20	21	1240	11
2	34	21	23	1885	10
2	34	22	26	1027	3
2	34	23	26	1832	5
2	34	24	29	1969	3
2	34	25	24	2031	9
2	34	26	27	3581	7
2	34	27	29	7564	9
2	34	28	32	43338	30
2	34	29	36	19466	5
2	34	30	31	27124	22
2	34	31	31	16886	13
2	34	32	33	27348	13
2	34	33	32	39602	26
2	34	34	35	10441	4
2	34	35	30	615	1
2	34	36	30	64	0
2	35	0	20	0	0
2	35	1	2	72	58
2	35	2	20	0	0
2	35	3	20	0	0
2	35	4	5	251	88
2	35	5	6	62	16
2	35	6	5	317	90
2	35	7	8	339	53
2	35	8	8	164	27
2	35	9	9	253	30
2	35	10	12	168	10
2	35	11	10	184	17
2	35	12	14	296	12
2	35	13	15	254	9
2	35	14	18	425	7
2	35	15	17	339	8
2	35	16	17	554	12
2	35	17	28	421	1
2	35	18	19	747	11
2	35	19	23	677	4
2	35	20	21	1203	11
2	35	21	21	1846	16
2	35	22	24	968	4
2	35	23	27	1814	4
2	35	24	28	2072	4
2	35	25	28	2096	4
2	35	26	27	3652	7
2	35	27	30	7246	7
2	35	28	30	42939	39
2	35	29	35	19316	6
2	35	30	34	27499	12
2	35	31	33	17026	10
2	35	32	32	27418	17
2	35	33	33	38846	21
2	35	34	34	11190	5
2	35	35	34	653	0
2	35	36	29	45	0
2	36	0	20	0	0
2	36	1	2	69	53
2	36	2	20	0	0
2	36	3	20	0	0
2	36	4	5	272	93
2	36	5	5	68	20
2	36	6	6	359	81
2	36	7	7	366	70
2	36	8	8	179	27
2	36	9	11	300	27
2	36	10	11	185	16
2	36	11	12	209	13
2	36	12	14	408	17
2	36	13	19	277	4
2	36	14	19	487	7
2	36	15	18	371	6
2	36	16	18	629	10
2	36	17	25	491	2
2	36	18	22	861	6
2	36	19	19	736	9
2	36	20	23	1485	8
2	36	21	20	2055	23
2	36	22	23	1174	6
2	36	23	27	2031	5
2	36	24	26	2311	6
2	36	25	27	2336	5
2	36	26	27	3957	8
2	36	27	31	8434	7
2	36	28	31	43900	34
2	36	29	32	18911	13
2	36	30	32	25763	15
2	36	31	36	17458	5
2	36	32	33	27438	15
2	36	33	32	37847	24
2	36	34	32	9389	7
2	36	35	34	558	0
2	36	36	29	54	0
2	37	0	20	0	0
2	37	1	2	69	41
2	37	2	20	0	0
2	37	3	20	0	0
2	37	4	5	305	105
2	37	5	6	64	16
2	37	6	6	320	84
2	37	7	8	400	64
2	37	8	7	170	33
2	37	9	10	304	28
2	37	10	11	204	18
2	37	11	13	215	12
2	37	12	14	414	18
2	37	13	17	269	6
2	37	14	15	494	15
2	37	15	18	364	6
2	37	16	20	676	7
2	37	17	23	480	3
2	37	18	20	867	9
2	37	19	21	731	7
2	37	20	21	1428	11
2	37	21	25	2201	8
2	37	22	22	1232	8
2	37	23	28	2128	4
2	37	24	26	2344	6
2	37	25	37	2447	0
2	37	26	34	4057	2
2	37	27	32	8545	6
2	37	28	33	44387	24
2	37	29	33	18806	9
2	37	30	33	25300	14
2	37	31	31	17417	13
2	37	32	33	27191	14
2	37	33	33	37623	19
2	37	34	34	9298	4
2	37	35	34	552	0
2	37	36	30	68	0
2	38	0	20	0	0
2	38	1	2	77	52
2	38	2	20	0	0
2	38	3	20	0	0
2	38	4	5	284	95
2	38	5	7	76	17
2	38	6	6	403	114
2	38	7	8	368	62
2	38	8	7	176	35
2	38	9	9	328	42
2	38	10	11	194	17
2	38	11	12	274	19
2	38	12	12	406	25
2	38	13	16	285	8
2	38	14	14	523	20
2	38	15	18	384	7
2	38	16	19	645	9
2	38	17	20	446	5
2	38	18	24	915	4
2	38	19	20	794	9
2	38	20	21	1454	11
2	38	21	21	2081	19
2	38	22	27	1141	3
2	38	23	29	2145	3
2	38	24	34	2255	1
2	38	25	28	2344	4
2	38	26	30	4144	5
2	38	27	29	8212	10
2	38	28	32	44575	27
2	38	29	30	18878	19
2	38	30	31	25489	22
2	38	31	32	17255	11
2	38	32	32	27039	16
2	38	33	36	37784	11
2	38	34	31	9359	8
2	38	35	34	565	0
2	38	36	30	61	0
2	39	0	20	0	0
2	39	1	2	71	49
2	39	2	20	0	0
2	39	3	20	0	0
2	39	4	5	359	123
2	39	5	7	97	19
2	39	6	7	427	89
2	39	7	8	438	74
2	39	8	9	161	23
2	39	9	9	345	43
2	39	10	15	208	7
2	39	11	13	243	14
2	39	12	14	472	20
2	39	13	18	316	6
2	39	14	16	534	13
2	39	15	17	392	9
2	39	16	16	767	21
2	39	17	20	540	6
2	39	18	22	1002	7
2	39	19	23	866	5
2	39	20	23	1623	9
2	39	21	24	2246	10
2	39	22	22	1316	8
2	39	23	26	2378	6
2	39	24	27	2635	6
2	39	25	30	2528	3
2	39	26	28	4489	7
2	39	27	31	9070	8
2	39	28	32	44378	30
2	39	29	32	18252	12
2	39	30	31	24899	21
2	39	31	31	17559	13
2	39	32	34	26989	11
2	39	33	31	36333	30
2	39	34	33	8851	5
2	39	35	34	527	0
2	39	36	30	56	0
2	40	0	20	0	0
2	40	1	2	71	52
2	40	2	20	0	0
2	40	3	20	0	0
2	40	4	4	368	133
2	40	5	6	88	24
2	40	6	6	444	114
2	40	7	7	496	92
2	40	8	7	202	40
2	40	9	11	357	29
2	40	10	12	205	15
2	40	11	12	238	16
2	40	12	14	455	19
2	40	13	15	313	10
2	40	14	15	586	19
2	40	15	15	400	12
2	40	16	17	688	13
2	40	17	20	519	6
2	40	18	19	993	12
2	40	19	25	788	3
2	40	20	25	1565	6
2	40	21	21	2217	19
2	40	22	26	1295	4
2	40	23	27	2338	5
2	40	24	25	2405	8
2	40	25	27	2372	5
2	40	26	32	4306	3
2	40	27	32	8021	6
2	40	28	33	44906	22
2	40	29	32	18609	12
2	40	30	32	25513	16
2	40	31	33	17059	10
2	40	32	31	26930	21
2	40	33	33	36692	18
2	40	34	30	9267	9
2	40	35	34	597	0
2	40	36	29	55	0
2	41	0	20	0	0
2	41	1	2	67	48
2	41	2	20	0	0
2	41	3	20	0	0
2	41	4	4	401	149
2	41	5	6	109	31
2	41	6	6	402	94
2	41	7	8	462	71
2	41	8	9	161	22
2	41	9	11	373	31
2	41	10	12	268	16
2	41	11	14	262	11
2	41	12	15	498	17
2	41	13	16	346	9
2	41	14	16	566	15
2	41	15	17	415	8
2	41	16	19	790	10
2	41	17	19	599	8
2	41	18	18	967	16
2	41	19	22	834	6
2	41	20	22	1644	10
2	41	21	22	2246	14
2	41	22	26	1257	4
2	41	23	30	2294	3
2	41	24	27	2468	6
2	41	25	32	2526	2
2	41	26	34	4458	2
2	41	27	31	8540	7
2	41	28	32	44803	30
2	41	29	29	18674	23
2	41	30	31	24700	18
2	41	31	32	17418	11
2	41	32	32	27111	18
2	41	33	32	36401	24
2	41	34	32	8735	6
2	41	35	34	515	0
2	41	36	29	45	0
2	42	0	20	0	0
2	42	1	2	80	63
2	42	2	20	0	0
2	42	3	20	0	0
2	42	4	4	445	181
2	42	5	4	101	39
2	42	6	7	441	93
2	42	7	8	481	80
2	42	8	7	198	37
2	42	9	10	387	38
2	42	10	11	268	22
2	42	11	15	297	11
2	42	12	13	524	25
2	42	13	16	402	11
2	42	14	14	611	25
2	42	15	16	449	12
2	42	16	18	824	15
2	42	17	21	622	5
2	42	18	21	1160	10
2	42	19	22	929	7
2	42	20	22	1793	13
2	42	21	22	2526	16
2	42	22	24	1533	6
2	42	23	27	2509	5
2	42	24	32	2763	2
2	42	25	30	2772	3
2	42	26	33	4807	3
2	42	27	30	9159	9
2	42	28	31	44223	33
2	42	29	32	18236	13
2	42	30	33	24677	14
2	42	31	35	17377	6
2	42	32	32	26444	16
2	42	33	32	35121	22
2	42	34	35	8597	3
2	42	35	34	555	0
2	42	36	30	62	0
2	43	0	20	0	0
2	43	1	2	77	59
2	43	2	20	0	0
2	43	3	20	0	0
2	43	4	5	458	151
2	43	5	6	99	27
2	43	6	6	467	115
2	43	7	8	502	81
2	43	8	8	215	37
2	43	9	9	432	56
2	43	10	11	313	25
2	43	11	15	305	10
2	43	12	14	550	21
2	43	13	15	370	13
2	43	14	17	677	14
2	43	15	17	508	11
2	43	16	19	888	13
2	43	17	21	670	6
2	43	18	23	1191	6
2	43	19	21	1068	10
2	43	20	21	1864	15
2	43	21	22	2460	15
2	43	22	23	1419	7
2	43	23	28	2773	5
2	43	24	29	2684	4
2	43	25	29	2807	4
2	43	26	30	4992	6
2	43	27	33	9459	5
2	43	28	32	44594	27
2	43	29	32	18172	12
2	43	30	31	23982	20
2	43	31	33	17347	10
2	43	32	31	26644	21
2	43	33	31	34762	29
2	43	34	34	8087	4
2	43	35	34	468	0
2	43	36	29	52	0
2	44	0	20	0	0
2	44	1	2	79	53
2	44	2	20	0	0
2	44	3	20	0	0
2	44	4	5	451	155
2	44	5	5	121	40
2	44	6	6	525	123
2	44	7	8	564	99
2	44	8	8	235	37
2	44	9	9	509	58
2	44	10	10	291	27
2	44	11	12	313	19
2	44	12	16	625	18
2	44	13	16	402	11
2	44	14	19	727	10
2	44	15	17	571	11
2	44	16	18	950	14
2	44	17	20	717	7
2	44	18	19	1215	15
2	44	19	20	1061	12
2	44	20	23	1919	11
2	44	21	22	2545	16
2	44	22	25	1591	6
2	44	23	32	2873	2
2	44	24	26	2968	8
2	44	25	35	3034	1
2	44	26	29	5283	7
2	44	27	31	9709	8
2	44	28	31	44936	37
2	44	29	31	17771	15
2	44	30	34	23550	10
2	44	31	31	17656	13
2	44	32	32	26564	16
2	44	33	33	33408	16
2	44	34	31	7661	6
2	44	35	34	458	0
2	44	36	30	60	0
2	45	0	20	0	0
2	45	1	2	67	50
2	45	2	20	0	0
2	45	3	20	0	0
2	45	4	4	555	208
2	45	5	6	136	37
2	45	6	6	515	136
2	45	7	8	609	106
2	45	8	7	230	44
2	45	9	12	461	30
2	45	10	11	331	28
2	45	11	13	383	19
2	45	12	14	671	29
2	45	13	16	444	13
2	45	14	16	730	21
2	45	15	18	581	9
2	45	16	18	1006	16
2	45	17	20	774	8
2	45	18	20	1418	16
2	45	19	29	1139	2
2	45	20	23	2111	11
2	45	21	25	2832	10
2	45	22	24	1748	7
2	45	23	28	3165	5
2	45	24	26	3147	8
2	45	25	26	3103	8
2	45	26	33	5508	3
2	45	27	31	10105	9
2	45	28	32	44589	32
2	45	29	32	17801	12
2	45	30	30	23148	22
2	45	31	31	17864	16
2	45	32	31	26298	23
2	45	33	32	32281	20
2	45	34	36	7151	2
2	45	35	33	408	0
2	45	36	29	49	0
2	46	0	20	0	0
2	46	1	2	76	56
2	46	2	20	0	0
2	46	3	20	0	0
2	46	4	5	586	198
2	46	5	6	125	30
2	46	6	6	596	145
2	46	7	7	640	121
2	46	8	7	226	42
2	46	9	10	512	54
2	46	10	11	369	29
2	46	11	14	404	18
2	46	12	14	661	29
2	46	13	15	506	15
2	46	14	19	855	11
2	46	15	17	681	15
2	46	16	20	1143	13
2	46	17	20	936	10
2	46	18	20	1521	17
2	46	19	24	1481	7
2	46	20	23	2379	12
2	46	21	24	3077	14
2	46	22	27	2106	5
2	46	23	26	3681	10
2	46	24	28	3482	6
2	46	25	26	3457	10
2	46	26	37	5898	1
2	46	27	31	10992	9
2	46	28	31	43851	39
2	46	29	32	17251	12
2	46	30	32	22689	15
2	46	31	32	17885	13
2	46	32	33	25537	12
2	46	33	31	30690	26
2	46	34	32	6608	5
2	46	35	33	403	0
2	46	36	30	60	0
2	47	0	20	0	0
2	47	1	2	76	60
2	47	2	20	0	0
2	47	3	20	0	0
2	47	4	5	671	227
2	47	5	6	152	41
2	47	6	6	608	161
2	47	7	8	714	125
2	47	8	7	236	45
2	47	9	11	561	48
2	47	10	10	403	39
2	47	11	12	434	27
2	47	12	14	729	28
2	47	13	15	554	19
2	47	14	16	891	22
2	47	15	17	714	14
2	47	16	18	1162	18
2	47	17	20	942	10
2	47	18	22	1648	10
2	47	19	23	1427	7
2	47	20	23	2453	12
2	47	21	20	3049	28
2	47	22	24	2204	9
2	47	23	25	3782	12
2	47	24	28	3594	6
2	47	25	31	3571	3
2	47	26	27	6342	14
2	47	27	29	11513	14
2	47	28	31	43837	35
2	47	29	32	16982	11
2	47	30	30	22010	23
2	47	31	32	18075	12
2	47	32	30	25832	26
2	47	33	30	29680	27
2	47	34	35	6118	2
2	47	35	33	346	0
2	47	36	29	54	0
2	48	0	20	0	0
2	48	1	2	76	47
2	48	2	20	0	0
2	48	3	20	0	0
2	48	4	5	689	232
2	48	5	5	152	48
2	48	6	7	627	133
2	48	7	7	762	139
2	48	8	8	241	37
2	48	9	11	597	53
2	48	10	13	399	22
2	48	11	15	446	16
2	48	12	14	798	34
2	48	13	18	594	10
2	48	14	15	956	28
2	48	15	16	731	18
2	48	16	18	1270	21
2	48	17	22	1017	7
2	48	18	20	1714	19
2	48	19	22	1510	11
2	48	20	21	2572	21
2	48	21	23	3247	17
2	48	22	27	2198	5
2	48	23	29	4009	6
2	48	24	28	3749	6
2	48	25	32	3669	3
2	48	26	30	6404	7
2	48	27	29	11738	15
2	48	28	31	43818	39
2	48	29	31	17008	13
2	48	30	32	21828	15
2	48	31	32	17900	11
2	48	32	32	24982	18
2	48	33	32	29396	21
2	48	34	34	5879	3
2	48	35	33	347	0
2	48	36	29	54	0
2	49	0	20	0	0
2	49	1	2	48	35
2	49	2	20	0	0
2	49	3	20	0	0
2	49	4	5	750	262
2	49	5	6	173	49
2	49	6	6	687	172
2	49	7	8	818	135
2	49	8	8	257	40
2	49	9	9	611	70
2	49	10	12	438	30
2	49	11	12	471	28
2	49	12	14	921	40
2	49	13	14	603	22
2	49	14	16	996	23
2	49	15	18	787	14
2	49	16	19	1392	18
2	49	17	19	1097	15
2	49	18	20	1823	19
2	49	19	24	1606	7
2	49	20	22	2741	17
2	49	21	22	3461	23
2	49	22	26	2411	6
2	49	23	31	4121	4
2	49	24	23	3932	19
2	49	25	27	3935	9
2	49	26	29	6787	10
2	49	27	30	12109	13
2	49	28	31	43383	37
2	49	29	30	16867	17
2	49	30	30	21310	22
2	49	31	30	17896	19
2	49	32	32	24888	18
2	49	33	30	28394	28
2	49	34	35	5292	2
2	49	35	33	299	0
2	49	36	30	57	0
2	50	0	20	0	0
2	50	1	2	65	42
2	50	2	20	0	0
2	50	3	20	0	0
2	50	4	4	778	278
2	50	5	6	176	49
2	50	6	6	780	183
2	50	7	7	783	149
2	50	8	8	262	47
2	50	9	10	664	61
2	50	10	11	480	36
2	50	11	12	501	31
2	50	12	14	909	41
2	50	13	15	649	20
2	50	14	16	1033	28
2	50	15	16	887	23
2	50	16	19	1467	19
2	50	17	19	1074	15
2	50	18	20	1907	20
2	50	19	21	1676	15
2	50	20	21	2815	25
2	50	21	23	3494	18
2	50	22	24	2449	10
2	50	23	26	4214	10
2	50	24	25	3904	13
2	50	25	29	4011	6
2	50	26	27	6870	14
2	50	27	31	12276	11
2	50	28	30	42654	40
2	50	29	31	16787	14
2	50	30	30	21639	20
2	50	31	29	18099	26
2	50	32	31	24877	21
2	50	33	31	27113	23
2	50	34	29	5662	7
2	50	35	27	341	1
2	50	36	30	59	0
2	51	0	20	0	0
2	51	1	2	72	55
2	51	2	20	0	0
2	51	3	20	0	0
2	51	4	4	781	291
2	51	5	6	172	42
2	51	6	6	732	190
2	51	7	7	866	159
2	51	8	8	271	39
2	51	9	10	693	72
2	51	10	11	453	38
2	51	11	13	550	31
2	51	12	13	949	45
2	51	13	14	651	27
2	51	14	16	1087	30
2	51	15	16	867	23
2	51	16	17	1365	26
2	51	17	19	1079	13
2	51	18	19	1953	27
2	51	19	23	1659	9
2	51	20	22	2797	20
2	51	21	21	3491	26
2	51	22	24	2192	9
2	51	23	25	4059	12
2	51	24	24	3792	16
2	51	25	27	3861	9
2	51	26	26	6688	18
2	51	27	27	11667	22
2	51	28	29	43688	51
2	51	29	30	17008	17
2	51	30	29	21326	27
2	51	31	31	17973	16
2	51	32	29	24765	33
2	51	33	31	28107	24
2	51	34	35	5339	2
2	51	35	33	354	0
2	51	36	30	58	0
2	52	0	20	0	0
2	52	1	2	69	49
2	52	2	20	0	0
2	52	3	20	0	0
2	52	4	4	827	308
2	52	5	5	212	69
2	52	6	6	734	168
2	52	7	7	908	182
2	52	8	8	263	44
2	52	9	10	730	79
2	52	10	9	502	62
2	52	11	12	558	38
2	52	12	13	1037	49
2	52	13	14	711	29
2	52	14	16	1181	31
2	52	15	16	844	23
2	52	16	16	1449	34
2	52	17	21	1190	11
2	52	18	21	2142	19
2	52	19	21	1779	15
2	52	20	22	2835	20
2	52	21	20	3683	37
2	52	22	24	2359	10
2	52	23	25	4344	15
2	52	24	25	4006	13
2	52	25	25	3992	12
2	52	26	28	7023	12
2	52	27	28	12156	20
2	52	28	28	42608	62
2	52	29	29	16957	22
2	52	30	28	20875	31
2	52	31	30	17968	19
2	52	32	28	24483	37
2	52	33	30	27413	28
2	52	34	28	5144	8
2	52	35	33	317	0
2	52	36	30	60	0
2	53	0	20	0	0
2	53	1	2	63	48
2	53	2	20	0	0
2	53	3	20	0	0
2	53	4	5	936	332
2	53	5	5	217	70
2	53	6	6	791	199
2	53	7	8	1017	176
2	53	8	7	261	51
2	53	9	10	896	92
2	53	10	5	788	236
2	53	11	14	693	30
2	53	12	14	1215	48
2	53	13	16	874	21
2	53	14	17	1488	33
2	53	15	18	1152	20
2	53	16	18	1859	32
2	53	17	20	1561	15
2	53	18	20	2552	27
2	53	19	20	2439	23
2	53	20	21	3835	30
2	53	21	21	5006	40
2	53	22	23	3113	15
2	53	23	28	5940	10
2	53	24	28	4820	9
2	53	25	25	5623	18
2	53	26	26	9605	23
2	53	27	28	13458	20
2	53	28	29	42010	49
2	53	29	29	18541	26
2	53	30	29	19946	26
2	53	31	28	19362	33
2	53	32	29	19998	28
2	53	33	30	17664	19
2	53	34	33	3300	2
2	53	35	33	297	0
2	53	36	29	36	0
2	54	0	20	0	0
2	54	1	2	63	48
2	54	2	20	0	0
2	54	3	20	0	0
2	54	4	5	936	332
2	54	5	5	217	70
2	54	6	6	791	199
2	54	7	8	1017	176
2	54	8	7	261	51
2	54	9	10	896	92
2	54	10	5	788	236
2	54	11	14	693	30
2	54	12	14	1215	48
2	54	13	16	874	21
2	54	14	17	1488	33
2	54	15	18	1152	20
2	54	16	18	1859	32
2	54	17	20	1561	15
2	54	18	20	2552	27
2	54	19	20	2439	23
2	54	20	21	3835	30
2	54	21	21	5006	40
2	54	22	23	3113	15
2	54	23	28	5940	10
2	54	24	28	4820	9
2	54	25	25	5623	18
2	54	26	26	9605	23
2	54	27	28	13458	20
2	54	28	29	42010	49
2	54	29	29	18541	26
2	54	30	29	19946	26
2	54	31	28	19362	33
2	54	32	29	19998	28
2	54	33	30	17664	19
2	54	34	33	3300	2
2	54	35	33	297	0
2	54	36	29	36	0
