GENE NAME	vorx_1	dard_2	vorx_3	dard_3	vorx	dard	veqz_6	veqz	vorx_2	veqz_5	dard_1	veqz_4	
Pluripotent associated:
OCT4/POU5F1	13298.6	11494.5	12035.7	6205.4	83.2	76.5	13922.3	87.2	14143.9	7069.0	9999.1	9594.8	
OCT4/POU5F1	104.9	107.1	119.1	95.6	111.8	135.4	143.6	113.0	118.2	121.0	116.6	120.9	
OCT4/POU5F1 Average	6701.8	5800.8	6077.4	3150.5	97.5	106.0	7032.9	100.1	7131.1	3595.0	5057.9	4857.8	
SOX2	7076.6	8347.0	8080.1	6714.9	109.3	130.0	8440.8	102.0	7995.8	7230.7	8982.1	7109.8	
SOX2	775.1	567.0	694.5	416.6	86.2	79.1	672.6	98.9	565.7	753.4	700.9	580.0	
SOX2 Average	3925.9	4457.0	4387.3	3565.8	97.8	104.5	4556.7	100.5	4280.8	3992.0	4841.5	3844.9	
NANOG	726.5	343.7	629.3	279.2	85.9	94.1	382.3	96.1	687.4	250.6	399.2	294.1	
NANOG	77.7	82.4	81.9	76.9	74.5	87.4	478.9	84.7	69.3	290.6	82.6	308.4	
NANOG Average	402.1	213.1	355.6	178.1	80.2	90.8	430.6	90.4	378.3	270.6	240.9	301.2	

Endoderm associated:
SOX17	91.4	258.9	79.9	619.3	70.0	73.0	90.4	87.7	63.5	374.4	223.7	444.6	
FOXA2	59.4	60.4	66.2	64.7	56.4	57.0	66.4	68.4	60.1	59.2	64.8	66.0	
FOXA2	61.3	62.0	70.2	69.1	64.1	80.8	76.1	71.4	66.3	51.7	71.8	64.4	
FOXA2	166.0	1084.5	201.1	3747.7	75.7	73.9	386.9	91.3	184.1	1829.6	1113.7	1939.4	
FOXA2 Average	95.6	402.3	112.5	1293.8	65.4	70.6	176.5	77.0	103.5	646.8	416.8	689.9	
GATA4	75.6	98.0	97.5	135.3	72.1	79.7	88.1	79.3	79.8	122.7	113.5	143.7	

Mesoderm associated:
BRACHYURY/T	107.8	112.5	92.8	115.3	98.1	94.0	94.2	80.7	80.1	177.7	106.3	165.8	
BRACHYURY/T	92.9	132.3	106.3	145.2	85.4	108.6	102.6	79.6	86.5	377.2	135.7	290.9	
BRACHYURY/T Average	100.3	122.4	99.5	130.2	91.8	101.3	98.4	80.2	83.3	277.4	121.0	228.3	
EOMES	177.2	840.8	268.4	1633.2	91.8	101.6	357.0	88.8	155.2	2504.6	769.0	2336.4	

Neuroectoderm associated:
SOX1	61.2	61.2	64.9	74.9	66.0	66.6	59.4	66.2	68.6	67.1	68.7	71.3	
NESTIN/NES	1773.5	2449.5	1975.7	3381.2	1080.1	215.1	2377.5	1742.6	2913.9	1450.5	2461.2	2372.5	

