GENE NAME	dard		dard_1		dard_2		dard_3		veqz		veqz_4		veqz_5		veqz_6		vorx		vorx_1		vorx_2		vorx_3	
Pluripotent associated:
OCT4/POU5F1	76.5		9999.1		11494.5		6205.4		87.2		9594.8		7069.0		13922.3		83.2		13298.6		14143.9		12035.7	
OCT4/POU5F1	135.4		116.6		107.1		95.6		113.0		120.9		121.0		143.6		111.8		104.9		118.2		119.1	
OCT4/POU5F1 Average	106.0		5057.9		5800.8		3150.5		100.1		4857.8		3595.0		7032.9		97.5		6701.8		7131.1		6077.4	
SOX2	130.0		8982.1		8347.0		6714.9		102.0		7109.8		7230.7		8440.8		109.3		7076.6		7995.8		8080.1	
SOX2	79.1		700.9		567.0		416.6		98.9		580.0		753.4		672.6		86.2		775.1		565.7		694.5	
SOX2 Average	104.5		4841.5		4457.0		3565.8		100.5		3844.9		3992.0		4556.7		97.8		3925.9		4280.8		4387.3	
NANOG	94.1		399.2		343.7		279.2		96.1		294.1		250.6		382.3		85.9		726.5		687.4		629.3	
NANOG	87.4		82.6		82.4		76.9		84.7		308.4		290.6		478.9		74.5		77.7		69.3		81.9	
NANOG Average	90.8		240.9		213.1		178.1		90.4		301.2		270.6		430.6		80.2		402.1		378.3		355.6	

Endoderm associated:
SOX17	73.0		223.7		258.9		619.3		87.7		444.6		374.4		90.4		70.0		91.4		63.5		79.9	
FOXA2	57.0		64.8		60.4		64.7		68.4		66.0		59.2		66.4		56.4		59.4		60.1		66.2	
FOXA2	80.8		71.8		62.0		69.1		71.4		64.4		51.7		76.1		64.1		61.3		66.3		70.2	
FOXA2	73.9		1113.7		1084.5		3747.7		91.3		1939.4		1829.6		386.9		75.7		166.0		184.1		201.1	
FOXA2 Average	70.6		416.8		402.3		1293.8		77.0		689.9		646.8		176.5		65.4		95.6		103.5		112.5	
GATA4	79.7		113.5		98.0		135.3		79.3		143.7		122.7		88.1		72.1		75.6		79.8		97.5	

Mesoderm associated:
BRACHYURY/T	94.0		106.3		112.5		115.3		80.7		165.8		177.7		94.2		98.1		107.8		80.1		92.8	
BRACHYURY/T	108.6		135.7		132.3		145.2		79.6		290.9		377.2		102.6		85.4		92.9		86.5		106.3	
BRACHYURY/T Average	101.3		121.0		122.4		130.2		80.2		228.3		277.4		98.4		91.8		100.3		83.3		99.5	
EOMES	101.6		769.0		840.8		1633.2		88.8		2336.4		2504.6		357.0		91.8		177.2		155.2		268.4	

Neuroectoderm associated:
SOX1	66.6		68.7		61.2		74.9		66.2		71.3		67.1		59.4		66.0		61.2		68.6		64.9	
NESTIN/NES	215.1		2461.2		2449.5		3381.2		1742.6		2372.5		1450.5		2377.5		1080.1		1773.5		2913.9		1975.7	

